# callgrind format
version: 1
creator: callgrind-3.18.1
pid: 8825
cmd:  ./bwt
part: 1


desc: I1 cache: 
desc: D1 cache: 
desc: LL cache: 

desc: Timerange: Basic block 0 - 868183632
desc: Trigger: Program termination

positions: line
events: Ir
summary: 5307787502


ob=(3) /usr/lib/x86_64-linux-gnu/libc.so.6
fl=(162) ./libio/./libio/genops.c
fn=(558) _IO_doallocbuf
343 2
+1 4
-1 6
+3 8
+1 2
fi=(183) ./libio/./libio/libioP.h
940 6
+2 4
+1 4
fe=(162)
347 4
cfi=(164) ./libio/./libio/filedoalloc.c
cfn=(560) _IO_file_doallocate
calls=2 78 
* 2196
* 4
+3 8

fn=(594) _IO_setb
329 18
+1 8
+5 4
-3 2
+3 8
+3 8

fn=(596) _IO_switch_to_get_mode
164 14630
+1 8778
+3 8778
+4 5852
+1 5852
+7 2926
-4 2926
+4 2926
-2 5852
+3 2926
+1 11704

fn=(842) _IO_flush_all_lockp
686 12
+5 6
cfi=(161) ./nptl/./nptl/libc-cleanup.c
cfn=(550) __libc_cleanup_push_defer
calls=1 24 
* 10
+1 9
+3 1
-8 1
+5 2
+3 2
fi=(183)
940 4
fe=(162)
709 6
+2 3
-16 9
+2 3
+1 6
+3 21
+14 9
+1 2
cfi=(161)
cfn=(608) __libc_cleanup_pop_restore
calls=1 39 
* 8
+4 12

fn=(754) __overflow
199 171
+2 171
+2 57
fi=(183)
940 171
+2 114
+1 114
fe=(162)
203 57
+1 114
-1 57
cfi=(163) ./libio/./libio/fileops.c
cfn=(626) _IO_file_overflow@@GLIBC_2.2.5
calls=57 731 
* 2858

fn=(850) _IO_default_setbuf
452 4
fi=(183)
940 2
fe=(162)
452 4
fi=(183)
940 2
fe=(162)
452 2
fi=(183)
940 2
fe=(162)
452 8
+1 2
fi=(183)
942 4
+1 4
fe=(162)
453 4
cfi=(163)
cfn=(852) _IO_file_sync@@GLIBC_2.2.5
calls=2 792 
* 36
* 4
+4 2
330 2
462 2
-7 4
332 4
+5 2
-5 2
+5 2
467 2
332 2
466 8
+2 12
-11 2
+1 4
-1 2
330 8

fn=(554) _IO_default_uflow
361 4
fi=(183)
940 4
fe=(162)
361 2
fi=(183)
940 2
fe=(162)
361 4
+1 2
fi=(183)
942 4
+1 4
fe=(162)
362 4
cfi=(163)
cfn=(556) _IO_file_underflow@@GLIBC_2.2.5
calls=2 +99 
* 2131
+1 4
+2 4
+1 8

fn=(630) _IO_default_xsputn
371 1
+3 2
-3 8
fi=(183)
940 1
fe=(162)
371 1
fi=(183)
940 1
fe=(162)
371 1
fi=(183)
940 1
fe=(162)
371 2
+28 44
fi=(183)
942 28
+1 28
fe=(162)
399 56
cfi=(163)
cfn=(626)
calls=14 731 
* 476
* 28
+2 14
-22 74
+25 1
-29 1
+29 7

fn=(840) _IO_cleanup
863 2
+3 1
-3 9
-77 1
+80 1
cfn=(842)
calls=1 686 
* 126
-80 2
+80 1
-80 3
cfi=(161)
cfn=(550)
calls=1 24 
* 10
+1 9
+3 1
-3 2
+3 2
fi=(183)
940 4
fe=(162)
838 3
-48 9
+9 9
+2 6
+6 26
+8 10
+9 2
fi=(183)
942 4
+1 4
fe=(162)
824 8
cfi=(163)
cfn=(848) _IO_file_setbuf@@GLIBC_2.2.5
calls=2 381 
* 166
+2 6
+4 10
+1 16
+11 9
+1 2
cfi=(161)
cfn=(608)
calls=1 39 
* 8
+35 12
-59 2
-2 2
+3 2
-3 2
+2 6

fn=(602) _IO_sputbackc
635 35
+3 21
+1 14
+9 7
+3 28
-10 14
+1 7
+5 7

fn=(552) __uflow
299 10
+1 6
+5 6
+3 2
173 2
308 4
+2 4
+6 4
+7 2
fi=(183)
940 6
+2 4
+1 4
fe=(162)
323 2
+1 2
-1 2
+1 4
-1 2
cfn=(554)
calls=2 +38 
* 2177
-23 4
+21 6

fn=(674) __underflow
269 14620
+1 8772
+5 8772
+3 2924
173 2924
278 5848
+2 5848
+6 5848
+7 2924
fi=(183)
940 8772
+2 5848
+1 5848
fe=(162)
293 2924
+1 2924
-1 2924
+1 5848
-1 2924
cfi=(163)
cfn=(556)
calls=2924 461 
* 289476
-23 5848
+21 8772

fl=(193) ./time/../sysdeps/unix/sysv/linux/clock_gettime.c
fn=(694) clock_gettime@@GLIBC_2.17
30 12
+8 24
+2 24
+28 24
+1 24
-25 12
+42 12

fl=(90) ./wcsmbs/../sysdeps/x86_64/multiarch/wcslen.c
fn=(308) wcslen
29 1
fi=(87) ./wcsmbs/../sysdeps/x86_64/multiarch/ifunc-wcslen.h
+5 4
-1 2
+2 3
+2 2
+4 3
+3 3
fe=(90)
-15 1

fl=(105) ./string/../sysdeps/x86_64/multiarch/strcspn.c
fn=(346) strcspn
29 1
fi=(221) ./string/../sysdeps/x86_64/multiarch/ifunc-sse4_2.h
+1 5
fe=(105)
-1 1

fl=(124) ./string/../sysdeps/x86_64/multiarch/strspn.c
fn=(398) strspn
29 1
fi=(221)
+1 5
fe=(124)
-1 1

fl=(144) ./nptl/../sysdeps/unix/sysv/linux/x86/elision-conf.c
fn=(464) __lll_elision_init
96 2
+5 1
-5 1
+5 1
-5 3
+5 3
cob=(2) ???
cfi=(51) ???
cfn=(452) 0x000000000487d650
calls=1 0 
* 22
+2 4
cob=(2)
cfi=(51)
cfn=(452)
calls=1 0 
* 22
+2 4
cob=(2)
cfi=(51)
cfn=(452)
calls=1 0 
* 22
+2 4
cob=(2)
cfi=(51)
cfn=(452)
calls=1 0 
* 22
+2 4
cob=(2)
cfi=(51)
cfn=(452)
calls=1 0 
* 22
+4 3
+1 1
+1 6

fl=(129) ./string/../sysdeps/x86_64/multiarch/strstr.c
fn=(414) strstr
44 7

fl=(141) ./nptl/./nptl/pthread_mutex_conf.c
fn=(450) __pthread_tunables_init
50 2
+1 2
-1 4
+1 3
cob=(2)
cfi=(51)
cfn=(452)
calls=1 -51 
* 840
+2 4
cob=(2)
cfi=(51)
cfn=(452)
calls=1 -53 
* 23
+2 6

fl=(179) ./stdio-common/./stdio-common/vfprintf-internal.c
fn=(618) __vfprintf_internal
1180 96
+30 40
+8 25
+4 40
+11 16
+11 8
fi=(222) ./stdio-common/./stdio-common/printf-parse.h
111 16
fe=(179)
1244 40
fi=(222)
111 8
cob=(2)
cfi=(51)
cfn=(620) 0x000000000487d4d0
calls=8 0 
* 177
fe=(179)
1259 8
fi=(222)
111 8
fe=(179)
1259 24
239 8
fi=(223) ./stdio-common/../libio/libioP.h
940 8
fe=(179)
1263 8
fi=(223)
942 8
-2 8
fe=(179)
1263 8
fi=(223)
940 16
+2 16
+1 16
fe=(179)
239 32
cfi=(163)
cfn=(624) _IO_file_xsputn@@GLIBC_2.2.5
calls=8 1197 
* 2460
* 16
127 72
1263 16
+4 24
+4 64
1532 8
1214 8
+34 8
-8 8
1532 24
+23 8
-39 8
+39 8
-39 8
+39 16
1313 120
+39 8
-51 8
-1 8
-1 8
-1 8
+5 8
1501 8
fi=(222)
88 8
fe=(179)
1352 8
-46 8
-4 8
+50 8
1501 8
1295 8
-1 8
-1 8
-1 8
-1 8
+16 16
1608 16
+1 16
+3 96
-4 72
1499 12
+33 12
+3 204
+20 12
1218 14
+41 32
cfi=(161)
cfn=(550)
calls=8 24 
* 80
+1 104
-1 16
1609 16
cfi=(161)
cfn=(608)
calls=8 39 
* 64
+2 8
-56 66
+9 12
-48 26
cfi=(181) ./stdio-common/./stdio-common/_itoa.c
cfn=(632) _itoa_word
calls=2 163 
* 150
* 62
192 4
+47 2
fi=(223)
942 6
+1 4
fe=(179)
239 8
cfi=(163)
cfn=(624)
calls=2 1197 
* 178
* 4
127 26
1517 4
-54 2
+53 4
+73 8
fi=(222)
111 8
fe=(179)
1583 8
fi=(222)
111 16
cob=(2)
cfi=(51)
cfn=(620)
calls=8 0 
* 168
fe=(179)
239 8
fi=(223)
942 8
fe=(179)
1593 8
fi=(222)
111 8
fi=(223)
942 8
fe=(179)
1593 8
fi=(223)
942 8
+1 16
fe=(179)
239 32
cfi=(163)
cfn=(624)
calls=8 1197 
* 1876
* 16
127 104
1593 16
+2 24
-79 40
192 4
1556 6
351 6
+1 6
1556 6
352 12
-1 12
1559 12
127 42
354 6
cfi=(196) ./stdio-common/./stdio-common/printf_fp.c
cfn=(722) __printf_fp
calls=6 1278 
* 11402
* 6
1392 4
1516 40

fl=(185) ./misc/../sysdeps/unix/sysv/linux/mmap64.c
fn=(650) mmap
47 118
+3 118
+8 236
+2 59

fl=(118) ./string/../sysdeps/x86_64/multiarch/strncpy.c
fn=(382) strncpy
29 2
fi=(100) ./string/../sysdeps/x86_64/multiarch/ifunc-strcpy.h
+7 4
+1 2
-1 4
+1 4
+2 4
+4 6
+3 6
fe=(118)
-17 2

fl=(167) ./malloc/./malloc/malloc.c
fn=(580) tcache_init.part.0
3235 3
+9 8
+1 3
cfn=(582) _int_malloc
calls=1 1343 
* 367
* 1
+1 2
+8 4
+7 2
+2 1
+1 2
-1 1
+1 86
+3 4

fn=(584) sysmalloc
2548 585
+20 260
+11 130
+1 137
+26 7
+1 21
+1 7
+9 52
+6 21
+3 21
2941 14
+1 7
+5 14
+3 14
+5 14
-2 7
+2 7
-1 7
+1 7
-3 7
+3 7
+1 7
-1 21
+1 7
+2 14
2581 174
+4 174
+9 232
cfn=(648) sysmalloc_mmap.constprop.0
calls=58 2420 
* 3654
+1 116
2964 715
2687 14
+9 28
+13 21
+8 35
+8 14
+21 4
+6 7
cfn=(756) sysmalloc_mmap_fallback.constprop.0
calls=1 2508 
* 57
+2 2
-2 1
+2 1
+4 1
+14 3
-10 2
+2 14
+2 21
+6 24
+1 5
2946 5
2773 15
+2 4
+92 2
-65 1
+84 2
+10 2
-1 2
+1 6
+1 2
+11 4
+7 2
+1 3
+8 1
+2 1
+5 2
+2 4
cfn=(676) _int_free
calls=1 4421 
* 113
* 1
+8 1
+5 2
fi=(168) ./malloc/./malloc/arena.c
565 7
fe=(167)
2727 7
cfi=(170) ./malloc/./malloc/morecore.c
cfn=(588) __glibc_morecore
calls=7 25 
* 319
+1 14
-1 7
+1 7
2028 6
2729 6
2028 6
2729 6
2028 12
2730 7
+3 14
+33 12
2610 12
2775 2
+40 3
+22 1
+1 1
-1 1
+1 6
+2 2
+1 3
cfi=(170)
cfn=(588)
calls=1 25 
* 28
+12 2
-12 1
+12 1
2028 4
2897 4
2765 2
-36 2
-16 3

fn=(648)
2420 174
+13 174
+5 116
+3 522
cfi=(185)
cfn=(650)
calls=58 47 
* 522
* 58
+3 116
+4 116
2028 232
2466 174
+19 58
-1 58
+5 58
-4 116
+4 116
+1 290
+3 174
+1 290
+5 290

fn=(676)
4421 576
+10 72
-10 216
+10 144
+6 360
+1 144
+4 288
+8 360
-1 144
+1 144
+29 4
-20 4
-6 4
+6 8
+20 16
+14 136
4702 792
4569 136
+3 68
+3 204
+7 68
-4 68
+4 136
+3 136
+5 204
+3 136
+1 136
+1 136
2012 204
4601 136
+1 5
+2 5
-1 5
+2 20
+2 10
cfn=(710) unlink_chunk.constprop.0
calls=5 1626 
* 125
+3 136
+5 12
+4 6
+9 6
-1 6
+1 18
+1 12
+2 6
+2 12
+5 6
+1 6
+2 18
+1 6
+30 136
+20 204
3181 4
+4 4
-4 4
+2 16
+1 4
+1 4
4482 4
4635 18
+38 204
+3 136
+2 68
-2 68
-23 62
+1 186
+1 124
-68 198
-2 132
+93 272
+2 102
cfn=(678) systrim.constprop.0
calls=51 2986 
* 1895
* 51

fn=(570) malloc
3287 786
+7 262
1343 260
+19 524
3306 524
+3 260
+10 384
+28 640
1362 131
3304 393
-63 4
cfn=(580)
calls=1 -6 
* 484
+68 2
+2 24
3193 6
+1 6
+2 3
+1 3
-1 9
+1 3
+1 3
3347 15
-26 512
cfn=(582)
calls=128 1343 
* 25513
+1 640
fi=(168)
162 142
315 1
cfn=(574) ptmalloc_init.part.0
calls=1 -2 
* 1128
fe=(167)
1343 2

fn=(666) realloc
3400 130
+6 26
+4 26
+7 26
+11 13
-2 13
+5 13
-3 26
+2 26
+4 24
fi=(168)
162 24
fe=(167)
3442 52
+1 26
1343 26
+19 78
3452 26
+31 24
+2 40
cfn=(670) _int_realloc
calls=8 4818 
* 263428
* 8
+1 40
fi=(168)
162 21
fe=(167)
3486 14
+29 117
3077 5
+6 5
-5 5
+9 5
-11 5
+7 5
+2 5
-9 5
+10 15
+1 5
-1 5
+1 20
+4 40
+3 10
+3 30
cfi=(189) ./misc/../sysdeps/unix/sysv/linux/mremap.c
cfn=(680) mremap
calls=5 26 
* 95
* 5
+3 10
2028 30
3105 5
+2 15
+2 10
+1 5
+3 5
-3 15
+3 15
+2 25
3466 10

fn=(670)
4818 56
+11 32
+1 40
+6 16
+2 16
+1 24
+2 32
+3 16
+14 1
+53 2
-53 2
+57 1
-57 3
+55 2
+19 1
+1 72
-79 16
+24 6
cfn=(582)
calls=2 1343 
* 557
* 2
+1 4
+3 2
+1 2
+5 4
+8 1
-1 1
+4 1
-3 6
+3 1
cob=(2)
cfi=(51)
cfn=(672) 0x000000000487d620
calls=1 0 
* 261850
+1 4
cfn=(676)
calls=1 4421 
* 254
+2 1
+22 1
-4 1
+3 1
+5 1
-4 1
-1 1
+5 1
-4 1
+3 1
+1 1
cfn=(676)
calls=1 4421 
* 254
* 1
-45 1
+7 1
+19 5
-54 8
+1 8
-2 16
+4 6
+4 6
-4 18
+2 6
-2 6
+2 6
-2 24
+1 12
+1 6
+2 6

fn=(710)
1626 5
+2 25
+3 10
+1 5
-1 15
+3 20
+3 5
+1 5
+1 25
+24 10

fn=(756)
2508 7
+4 1
-4 2
+7 2
+1 5
+3 2
+5 1
-1 2
+3 8
cfi=(185)
cfn=(650)
calls=1 47 
* 9
* 1
+3 2
+4 2
+7 1
+2 1
+2 7
2028 4

fn=(582)
1343 262
3771 131
1362 131
3771 1048
1362 262
3904 5
+2 5
-2 5
+2 10
1362 262
3811 262
4397 262
3838 262
+63 256
+62 4571
+1 378
3853 9
-10 3
+2 15
4399 10
3903 5
4399 65
3983 5
+1 5
-1 10
-1 10
+2 10
-1 126
+1 126
-1 252
-1 252
+2 252
-2 390
+12 130
-6 130
+73 520
-67 391
-6 1
+73 4
-67 3
4413 1179
4183 262
+2 378
+3 126
-3 126
+3 252
+68 262
+1 131
+1 131
-1 131
+1 131
+1 262
+1 393
+5 262
3963 288
4269 393
+3 136
-3 102
+3 20
-3 10
+3 12
+97 131
+1 262
+2 262
+3 523
+17 195
3904 6
4380 66
-2 132
+2 66
-1 66
+6 66
-5 66
-3 66
+3 66
+2 66
-2 264
2005 66
4382 66
2005 132
4407 260
cfn=(584)
calls=65 2548 
* 7397
* 65
+1 130
2005 195

fn=(678)
2986 51
-9 153
+9 102
+2 51
+1 102
+5 51
+1 51
-1 102
+4 255
+2 102
-10 46
+50 204
-33 10
cfi=(170)
cfn=(588)
calls=5 25 
* 140
* 5
+1 20
+12 15
cfi=(170)
cfn=(588)
calls=5 25 
* 225
+1 10
cfi=(170)
cfn=(588)
calls=5 25 
* 140
+2 5
+2 10
+4 10
+4 10
-1 5
+1 10
+2 10

fn=(706) free
3352 122
+4 244
-4 122
+14 122
-14 244
+12 122
+4 122
-4 122
+4 244
+17 207
fi=(168)
162 207
fe=(167)
3391 138
cfn=(676)
calls=69 4421 
* 8875
+3 69
+1 276
-23 159
+2 164
+2 28
+1 28
-1 28
+1 28
+1 28
+3 56
cfn=(712) munmap_chunk
calls=28 3044 
* 980
* 50
cfn=(712)
calls=25 3044 
* 875
+13 53
+1 212

fn=(712)
3044 53
+2 53
-1 53
+1 53
-1 53
+1 53
+2 106
+4 53
-1 106
+7 53
-8 53
+8 53
-6 53
+7 53
-1 106
+1 212
+3 53
+1 159
+5 53
+1 53
-1 53
cfi=(195) ./misc/../sysdeps/unix/syscall-template.S
cfn=(714) munmap
calls=53 117 
* 318

fl=(84) ./string/../sysdeps/x86_64/multiarch/strpbrk.c
fn=(296) strpbrk
29 1
fi=(221)
+1 5
fe=(84)
-1 1

fl=(106) ./wcsmbs/../sysdeps/x86_64/multiarch/wcscpy.c
fn=(348) wcscpy
43 1
-6 5
+6 1

fl=(213) ./stdlib/./stdlib/cxa_thread_atexit_impl.c
fn=(784) __call_tls_dtors
149 4
+1 4
+18 4

fl=(156) ./setjmp/../sysdeps/x86_64/setjmp.S
fn=(538) __sigsetjmp
30 1
+2 1
+9 1
+1 2
+1 1
+4 1
+1 1
+1 1
+1 1
+1 1
+2 2
+2 1
+1 1
+1 1
+2 2
+2 1
+5 1
+1 1
+17 1
cfi=(157) ./setjmp/./setjmp/sigjmp.c
cfn=(540) __sigjmp_save
calls=1 -56 
* 9

fl=(160) ./stdio-common/./stdio-common/vfscanf-internal.c
fn=(548) __vfscanf_internal
278 39
+10 15
+1 3
fi=(176) ./stdio-common/../include/scratch_buffer.h
78 3
fe=(160)
289 3
fi=(176)
77 6
fe=(160)
339 3
fi=(176)
77 3
fe=(160)
339 12
+6 10
+3 12
+4 6
+13 3
-6 3
+8 6
-8 3
+8 3
+5 3
-5 3
+5 18
cfi=(161)
cfn=(550)
calls=3 24 
* 30
* 9
+9 3
-4 3
+4 9
570 3
284 3
-1 3
+10 3
-11 3
570 6
2429 12
328 6
+4 3
-5 3
-1 3
-1 3
-12 3
2180 3
2429 3
2180 15
418 12
+24 12
+1 12
+3 15
-65 24
3015 24
+3 42
+1 34
-1 18
222 6
+1 6
-1 3
488 3
222 3
488 6
222 3
488 6
345 4
+27 33
482 3
+22 12
+25 3
-4 12
+7 30
+80 6
+5 3
-1 6
+1 6
+1 9
+3 9
+1 24
+6 15
+3 4
-3 2
+3 10
-3 1
+3 4
-3 6
+4 21
+1 15
+4 6
-4 6
cfi=(162)
cfn=(602)
calls=3 +2 
* 57
+4 24
-9 2
cfi=(162)
cfn=(552)
calls=1 299 
* 2092
* 2
3025 39
cfi=(161)
cfn=(608)
calls=3 39 
* 24
fi=(176)
85 9
fe=(160)
3029 6
+17 6
+6 36
442 3
+6 6
618 9
1398 30
+5 9
+9 18
1733 6
+9 3
fi=(176)
113 12
fe=(160)
1742 6
fi=(176)
113 9
fe=(160)
1740 90
260 28
1797 14
260 28
+3 42
1799 56
+2 122
-68 26
+2 32
+2 10
+67 6
206 3
1811 6
214 6
1812 6
+28 14
cfi=(162)
cfn=(602)
calls=2 635 
* 38
260 6
+3 9
1844 6
1669 3
206 3
1862 6
1669 6
1861 9
+1 3
cfi=(174) ./stdlib/../stdlib/strtol.c
cfn=(604) __strtol_internal
calls=3 97 
* 527
* 3
+6 9
+3 15
+6 3
-4 6
+4 6
+23 6
1390 3
-1 3
+2 3
1733 1
1428 2
1742 10
+59 2
cfi=(162)
cfn=(552)
calls=1 299 
* 161
* 10
1435 12
+3 12
260 2
3020 12
cfi=(162)
cfn=(602)
calls=2 635 
* 38
* 2
1813 2
+1 2
+65 6
+17 30
-15 6
+1 9

fl=(170)
fn=(588)
25 23
+1 46
-1 23
+4 23
cfi=(171) ./misc/./misc/sbrk.c
cfn=(590) sbrk
calls=23 +8 
* 644
+1 46
+4 44
-7 1
+7 2

fl=(119) ./wcsmbs/../sysdeps/x86_64/multiarch/wmemcmp.c
fn=(386) wmemcmp
29 1
fi=(120) ./wcsmbs/../sysdeps/x86_64/multiarch/ifunc-memcmp.h
+5 2
+1 1
-1 2
+1 2
+1 2
+1 3
+2 2
+4 3
+3 3
fe=(119)
-17 1

fl=(166) ./io/../sysdeps/unix/sysv/linux/fstatat64.c
fn=(566) fstatat
153 4
-55 4
+70 6
+1 2

fl=(202) ./nptl/./nptl/alloca_cutoff.c
fn=(736) __libc_alloca_cutoff
27 6
+1 54
+7 6

fl=(165) ./io/../sysdeps/unix/sysv/linux/fstat64.c
fn=(564) fstat
29 4
+1 4
+5 6
cfi=(166)
cfn=(566)
calls=2 153 
* 16

fl=(205) ./stdlib/../sysdeps/x86_64/mul_1.S
fn=(744) __mpn_mul_1
31 48
+1 48
+3 48
+1 48
+1 48
+1 48
+1 48
+2 48
+1 48
+2 48
+1 48
+1 48
+1 48
+1 44
+2 44
+1 44
+1 44
+1 44
+26 4
+1 4
+1 4
+1 4
+1 4
+1 4
+1 4
+1 4
+1 4
+26 4
+1 4
+1 4
+2 4
+1 4
+1 4
+1 4
+1 4
+1 4
+2 4
+3 4
-5 44
+2 44
+3 44

fl=(174)
fn=(604)
97 3
+1 9
cfi=(175) ./stdlib/../stdlib/strtol_l.c
cfn=(606) ____strtol_l_internal
calls=3 225 
* 515

fl=(209) ./libio/./libio/ioputs.c
fn=(762) puts
33 64
+2 8
cob=(2)
cfi=(51)
cfn=(750) 0x000000000487d490
calls=8 -35 
* 144
+1 8
-1 8
+1 96
+3 8
-3 8
+3 8
-3 8
+3 16
-1 16
+2 8
fi=(183)
940 24
+2 16
+1 16
fe=(209)
40 24
cfi=(163)
cfn=(624)
calls=8 1197 
* 1232
* 16
+1 32
+1 32
fi=(183)
883 16
+1 80
fe=(209)
46 56
-5 16
cfi=(162)
cfn=(754)
calls=8 199 
* 1336
* 16

fl=(93) ./wcsmbs/../sysdeps/x86_64/multiarch/wcschr.c
fn=(316) wcschr
31 2
fi=(94) ./wcsmbs/../sysdeps/x86_64/multiarch/ifunc-avx2.h
+2 10
-1 4
+2 6
+2 4
+4 6
+3 8
fe=(93)
-12 2

fl=(199) ./stdlib/../sysdeps/x86_64/lshift.S
fn=(730) __mpn_lshift
28 6
+1 6
+1 6
+2 6
+1 6
+1 6
+12 6
+1 6
+1 6
+1 6
+1 6
+1 6
+1 6
+6 6
+1 6
+1 6

fl=(139) ./resource/../sysdeps/unix/sysv/linux/getrlimit64.c
fn=(446) getrlimit
38 2
+1 7
+1 1

fl=(173) ./io/../sysdeps/unix/sysv/linux/read.c
fn=(600) read
25 2926
+1 17556
+1 2926

fl=(88) ./string/../sysdeps/x86_64/multiarch/memset.c
fn=(304) memset
29 2
fi=(89) ./string/../sysdeps/x86_64/multiarch/ifunc-memset.h
+21 10
+3 6
+7 4
+9 4
+2 4
+10 4
+8 4
+2 10
fe=(88)

fl=(96) ./string/../sysdeps/x86_64/multiarch/strrchr.c
fn=(322) rindex
28 1
fi=(83) ./string/../sysdeps/x86_64/multiarch/ifunc-avx2.h
+5 5
-1 2
+2 3
+2 2
+4 3
+3 4
fe=(96)
-15 1

fl=(192) ./time/../sysdeps/unix/sysv/linux/clock.c
fn=(692) clock
25 24
+6 12
-6 36
+6 24
cfi=(193)
cfn=(694)
calls=12 -1 
* 132
* 24
+4 12
-1 12
+1 84
+1 60

fl=(220) ./posix/../sysdeps/unix/sysv/linux/_exit.c
fn=(854) _Exit
27 2
+3 1
+1 2

fl=(109) ./string/../sysdeps/x86_64/multiarch/memcmp.c
fn=(356) bcmp
29 1
fi=(110) ./string/../sysdeps/x86_64/multiarch/ifunc-memcmp.h
+5 2
+1 1
-1 2
+1 2
+1 2
+1 3
+2 2
+4 3
+3 3
fe=(109)
-17 1

fl=(121) ./string/../sysdeps/x86_64/multiarch/stpcpy.c
fn=(390) stpcpy
33 1
fi=(100)
+3 2
+1 1
-1 2
+1 2
+2 2
+4 3
+3 3
fe=(121)
-13 1

fl=(200) ./stdlib/./stdlib/cmp.c
fn=(732) __mpn_cmp
31 1
+4 2
+2 1
+1 1
+1 2
+8 5

fl=(95) ./string/../sysdeps/x86_64/multiarch/strchr.c
fn=(320) index
61 1
-20 2
+1 1
-1 2
-1 2
+2 2
+2 2
+4 3
+3 3
+10 1

fl=(115) ./string/../sysdeps/x86_64/multiarch/strcpy.c
fn=(372) strcpy
29 1
fi=(100)
+7 2
+1 1
-1 2
+1 2
+2 2
+4 3
+3 3
fe=(115)
-17 1

fl=(184) ./io/../sysdeps/unix/sysv/linux/write.c
fn=(644) write
25 16
+1 112
+1 16

fl=(216) ./nptl/./nptl/pthread_mutex_unlock.c
fn=(790) pthread_mutex_unlock@@GLIBC_2.2.5
367 1
51 3
+1 2
367 1
57 2
+8 1
-3 1
-23 1
+1 2
+30 1
369 2
40 3
+1 2
+33 2
+6 4
+4 3
+3 3

fl=(122) ./string/../sysdeps/x86_64/multiarch/memchr.c
fn=(394) memchr
29 1
fi=(123) ./string/../sysdeps/x86_64/multiarch/ifunc-evex.h
+6 5
-1 2
+2 3
+5 2
-3 2
+9 3
+3 4
fe=(122)
-21 1

fl=(153) ./stdlib/./stdlib/cxa_atexit.c
fn=(514) __cxa_atexit
69 9
-28 2
+2 6
+1 2
cfn=(516) __new_exitfn
calls=1 +38 
* 32
+2 2
+10 1
+2 1
-5 3
+3 1
-1 1
+4 2
+1 1
-1 2
+12 6

fn=(516)
82 1
+6 2
-6 4
+11 4
-10 2
+12 4
-2 1
+10 1
-10 3
+45 1
+5 1
-4 1
+4 4
-18 1
-1 1
+1 1

fl=(168)
fn=(574)
313 1
fi=(167)
3162 3
fe=(168)
313 5
+5 1
fi=(167)
3162 2
cfi=(169) ./stdlib/../sysdeps/unix/sysv/linux/getrandom.c
cfn=(576) getrandom
calls=1 28 
* 9
* 2
fe=(168)
343 2
+4 3
fi=(167)
1966 4
+3 1
-3 1
+3 2
-3 2
+3 126
-3 126
+3 252
-3 252
fe=(168)
352 3
fi=(167)
1977 1
+1 1
+2 1
fe=(168)
352 1
cob=(2)
cfi=(51)
cfn=(452)
calls=1 0 
* 23
+1 4
cob=(2)
cfi=(51)
cfn=(452)
calls=1 0 
* 22
+1 4
cob=(2)
cfi=(51)
cfn=(452)
calls=1 0 
* 23
+1 4
cob=(2)
cfi=(51)
cfn=(452)
calls=1 0 
* 23
+1 4
cob=(2)
cfi=(51)
cfn=(452)
calls=1 0 
* 22
+1 4
cob=(2)
cfi=(51)
cfn=(452)
calls=1 0 
* 23
+1 4
cob=(2)
cfi=(51)
cfn=(452)
calls=1 0 
* 23
+2 4
cob=(2)
cfi=(51)
cfn=(452)
calls=1 0 
* 23
+1 4
cob=(2)
cfi=(51)
cfn=(452)
calls=1 0 
* 23
+1 4
cob=(2)
cfi=(51)
cfn=(452)
calls=1 0 
* 23
+3 4
cob=(2)
cfi=(51)
cfn=(452)
calls=1 0 
* 23
+1 4
cob=(2)
cfi=(51)
cfn=(452)
calls=1 0 
* 23
+1 2
+63 7

fl=(175)
fn=(606)
225 9
+54 3
-54 12
+19 3
-19 9
+14 3
-14 3
+26 6
+31 12
+9 18
+2 6
+5 6
-1 3
+6 6
+4 6
+10 6
+10 12
-82 6
377 3
+56 12
309 3
449 3
+10 9
-10 3
+10 3
+12 6
-5 14
+5 14
+1 42
-41 28
+2 50
+2 42
+28 42
+3 28
+11 6
+5 9
+1 3
+5 6
324 6
491 9
-2 6
+17 15
+18 24

fl=(97) ./string/../sysdeps/x86_64/multiarch/memmove.c
fn=(326) memmove
29 3
fi=(92) ./string/../sysdeps/x86_64/multiarch/ifunc-memmove.h
+24 9
-1 6
+4 9
+14 6
+2 6
+8 6
+8 6
+2 15
fe=(97)

fl=(82) ./string/../sysdeps/x86_64/multiarch/strnlen.c
fn=(292) strnlen
31 2
fi=(83)
+2 10
-1 4
+2 6
+2 4
+4 6
+3 8
fe=(82)
-12 2

fl=(111) ./wcsmbs/../sysdeps/x86_64/multiarch/wmemset.c
fn=(360) wmemset
31 2
fi=(112) ./wcsmbs/../sysdeps/x86_64/multiarch/ifunc-wmemset.h
+2 10
+1 6
+2 4
+8 6
+3 8
fe=(111)
-16 2

fl=(116) ./string/../sysdeps/x86_64/multiarch/strcasecmp_l.c
fn=(376) strcasecmp_l
31 1
fi=(224) ./string/../sysdeps/x86_64/multiarch/ifunc-strcasecmp.h
+1 5
fe=(116)
-1 1

fl=(150) ./libio/./libio/vtables.c
fn=(506) check_stdfiles_vtables
83 1
+1 4
+1 3
+1 3
+2 1

fl=(201) ./stdlib/../sysdeps/x86_64/rshift.S
fn=(734) __mpn_rshift
28 6
+1 6
+1 6
+1 6
+13 6
+1 6
+16 6
+1 6
+1 6
+1 6
+1 6
+1 6
+1 6
+5 6
+1 6
+1 6
+1 6
+1 6

fl=(91) ./string/../sysdeps/x86_64/multiarch/memcpy.c
fn=(312) memcpy@@GLIBC_2.14
29 1
fi=(92)
+24 3
-1 2
+4 3
+14 2
+2 2
+8 2
+8 2
+2 5
fe=(91)

fl=(103) ./string/../sysdeps/x86_64/multiarch/strncmp.c
fn=(342) strncmp
66 1
-25 4
+1 3
+2 2
+5 3
+3 3
+14 1

fl=(113) ./string/../sysdeps/x86_64/multiarch/memrchr.c
fn=(364) memrchr
29 1
fi=(83)
+4 5
-1 2
+2 3
+2 2
+4 3
+3 4
fe=(113)
-14 1

fl=(125) ./string/../sysdeps/x86_64/multiarch/mempcpy.c
fn=(400) mempcpy
33 1
fi=(92)
+20 3
-1 2
+4 3
+14 2
+2 2
+8 2
+8 2
+2 5
fe=(125)

fl=(157)
fn=(540)
28 3
+2 2
-1 1
+5 3

fl=(186) ./stdio-common/./stdio-common/getline.c
fn=(654) getline
27 4
+1 4
cfi=(187) ./libio/./libio/iogetdelim.c
cfn=(656) getdelim
calls=2 +13 
* 3337027

fl=(188) ./string/../sysdeps/x86_64/multiarch/memchr-avx2.S
fn=(660) __memchr_avx2
60 2926
+7 2926
+2 2926
+3 2926
+1 2926
+2 2926
+1 2926
+1 2926
+1 2926
+3 2926
+1 2926
+3 2926
+1 2926
+2 2925
+1 2925
+9 1
+5 1
+1 1
+1 1
+1 1
+1 2
+78 2925
+1 2925
+1 2925
+2 2925
+10 2925
+1 2925
+3 2925
+1 2925
+2 2925
+1 2925
+2 2925
+1 2925
+1 2925
+1 2925
+2 2925
+1 2925
+1 2925
+1 2925
+2 2925
+1 2925
+1 2925
+1 2925
+4 2925
+1 2925
+3 2925
+1 2925
+1 2925
+1 2925
+5 5850
+10 2925
+1 2925
+1 2925
+1 2925
+1 2925
+1 2925
+1 2925
+2 2925
+6 2925
+1 2925
-15 87744
+1 87744
+1 87744
+1 87744
+1 87744
+1 87744
+1 87744
+2 87744
+6 87744
+1 87744
+2 90669
+2 90669
+1 90669
+4 2925
+1 5850
+8 2925
+1 2925
+3 2924
+1 2924
+4 2924
+1 2924
+11 5848
+32 1
+2 1
+2 1
+1 1
+1 1
+1 1
+1 2

fl=(217) ./stdlib/./stdlib/cxa_finalize.c
fn=(800) __cxa_finalize
30 4
+3 4
-3 14
+3 8
+3 6
+4 12
-4 6
+58 8
+4 12
-4 6
+11 4
+1 4
cfi=(218) ./posix/./posix/register-atfork.c
cfn=(802) __unregister_atfork
calls=2 -30 
* 32
+1 8
+1 16

fl=(114) ./string/../sysdeps/x86_64/multiarch/strchrnul.c
fn=(368) strchrnul
31 1
fi=(83)
+2 5
-1 2
+2 3
+2 2
+4 3
+3 4
fe=(114)
-12 1

fl=(196)
fn=(722)
1278 6
+1 6
-1 12
+1 18
cfn=(724) __printf_fp_l
calls=6 216 
* 11360

fn=(724)
216 96
+50 6
-9 6
+17 6
-8 18
+32 6
-21 6
-11 12
+11 12
fi=(197) ./stdio-common/../include/../locale/localeinfo.h
+38 18
fe=(196)
-35 12
+18 12
+8 6
-72 6
-1 6
388 6
-1 12
+5 12
+4 42
1272 72
396 36
cfi=(198) ./stdlib/../sysdeps/ieee754/dbl-64/dbl2mpn.c
cfn=(728) __mpn_extract_double
calls=6 33 
* 132
* 24
+36 6
+5 6
-49 6
+44 24
+1 6
+1 12
+3 72
+1 6
-1 6
+1 18
-1 6
+1 12
-1 6
+1 48
+1 6
-1 12
+1 78
+6 6
-6 12
+7 12
+17 1
+4 4
-4 2
+16 2
+11 1
-41 1
+10 1
+31 1
-30 7
+33 3
+41 1
+1 2
-1 1
+1 3
cob=(2)
cfi=(51)
cfn=(672)
calls=1 0 
* 13
+16 4
+9 12
+2 24
-74 24
-4 12
+4 49
-4 1
+4 4
+15 1
-13 2
+64 5
cob=(2)
cfi=(51)
cfn=(672)
calls=1 0 
* 13
+1 3
+1 3
+1 1
+3 1
-5 1
+1 1
+1 2
-1 1
+1 1
+5 2
+1 2
+6 2
+4 1
+4 1
-4 1
+4 2
-4 10
+6 2
831 12
+10 6
+6 6
-16 6
+10 18
+6 6
-6 12
+2 12
+10 12
+48 8
+14 6
+1 6
-1 24
+7 6
fi=(203) ./stdio-common/../sysdeps/pthread/allocalim.h
27 12
cfi=(202)
cfn=(736)
calls=6 * 
* 66
+2 18
fe=(196)
932 108
+4 6
-3 6
+3 20
+3 10
-6 8
+9 6
cfn=(740) hack_digit
calls=2 170 
* 165
* 3
cfn=(740)
calls=1 170 
* 119
* 3
-3 6
+3 8
+4 12
+2 4
-4 2
+4 2
+14 2
-2 6
+1 8
+1 4
+1 4
-1 4
-2 12
+1 16
+1 8
+1 20
+3 36
-1 36
+2 36
-1 36
cfn=(740)
calls=36 170 
* 2204
* 36
+3 72
-7 108
+1 102
437 12
963 18
+15 18
+1 24
cfn=(740)
calls=6 170 
* 381
+2 18
-2 6
+2 30
+2 3
+3 2
-3 1
+8 8
-9 1
fi=(206) ./stdio-common/../sysdeps/generic/get-rounding-mode.h
94 1
+1 4
-1 5
+1 38
fi=(207) ./stdio-common/../include/rounding-mode.h
-43 22
+6 6
fe=(196)
1097 3
+7 2
+3 18
+13 18
+46 12
+2 12
-2 30
+2 30
+2 48
+10 30
+8 6
+7 6
-7 12
+7 12
+5 18
cob=(2)
cfi=(51)
cfn=(750)
calls=6 0 
* 96
+2 12
-2 6
+2 12
+5 18
+2 6
-2 6
+2 12
+11 96
+7 72
+3 86
+3 86
-6 129
+1 147
+1 12
-2 6
+2 6
cob=(2)
cfi=(51)
cfn=(634) 0x000000000487d3e0
calls=6 0 
* 120
* 6
-2 12
+10 36
+17 30
+3 18
+11 18
1008 5
-5 15
+5 5
-1 5
+1 20
+5 10
+4 10
+11 10
+69 15
649 10
825 4
cfi=(199)
cfn=(730)
calls=1 28 
* 16
* 1
+1 5
+1 2
551 3
cfi=(200)
cfn=(732)
calls=1 31 
* 12
+3 1
-3 2
840 8
1175 18
855 6
-7 6
+8 24
+3 24
+2 2
+40 4
-44 2
+4 2
+2 4
-7 2
+5 2
-3 2
-2 2
+45 4
665 12
+5 4
-5 4
cfi=(199)
cfn=(730)
calls=4 28 
* 64
+5 4
-18 4
+10 4
+3 4
+1 4
+24 4
-20 4
-4 16
+3 4
+1 8
+23 3
+1 2
+3 2
+1 1
-1 2
+1 1
+8 1
-7 2
+7 1
-9 1
+2 1
-2 1
+2 1
+7 2
+22 3
+61 48
-2 48
+2 184
675 48
+2 96
+7 1
+1 2
-1 1
+4 1
-4 1
+2 1
-2 2
+6 4
cfi=(211) ./stdlib/./stdlib/mul.c
cfn=(776) __mpn_mul
calls=1 48 
* 75
* 1
+5 3
+42 2
-1 1
+1 2
+5 3
-6 1
+6 1
+3 3
1177 12
+77 710
cfi=(162)
cfn=(754)
calls=49 199 
* 2548
* 98
883 12
474 1
-2 1
+2 1
-3 2
+3 2
-3 1
+3 2
-3 1
cfi=(199)
cfn=(730)
calls=1 28 
* 16
+4 9
+1 2
+1 5
260 12
956 8
-1 8
-1 4
+2 4
835 8
643 2
791 12
+4 15
cfi=(205)
cfn=(744)
calls=3 31 
* 99
+4 6
+1 3
-4 3
+4 6
-4 3
+3 3
+1 12
+9 3
+1 3
-1 3
+4 18
1203 12
868 8
-10 4
-1 4
+11 4
-12 4
+11 4
-11 8
-77 2
cfi=(201)
cfn=(734)
calls=1 28 
* 18
+3 1
+7 1
-7 3
608 1
-3 1
+3 7
+16 2
+2 1
-2 1
cfi=(201)
cfn=(734)
calls=1 28 
* 18
+3 2
-1 1
+1 1
-1 1
+1 3
cfi=(201)
cfn=(734)
calls=1 28 
* 18
+2 6
808 9
cfi=(201)
cfn=(734)
calls=3 28 
* 54
* 3
-62 2
+10 1
-3 1
+3 5
+13 3

fn=(740)
170 180
+3 191
+2 44
+2 88
-2 88
+8 18
+21 27
cfi=(205)
cfn=(744)
calls=9 31 
* 189
+1 18
+1 30
+4 45
-23 63
cfi=(204) ./stdlib/./stdlib/divrem.c
cfn=(742) __mpn_divrem
calls=9 46 
* 381
+2 9
-2 9
+2 27
+1 9
+2 18
+1 54
+7 18
-23 35
+1 105
-1 35
+1 35
cfi=(205)
cfn=(744)
calls=35 31 
* 735
* 35
+31 35
+1 175
-37 168
+37 5

fl=(198)
fn=(728)
33 18
+4 12
-2 6
+2 6
+1 30
+9 12
+9 6
-9 6
+9 12
+47 6
+4 6
-4 6
+4 6

fl=(85) ./string/../sysdeps/x86_64/multiarch/strcmp.c
fn=(298) strcmp
65 1
-24 2
+1 1
-1 2
+1 2
+2 2
+5 3
+3 3
+13 1

fl=(107) ./string/../sysdeps/x86_64/multiarch/strcat.c
fn=(350) strcat
29 1
fi=(100)
+7 2
+1 1
-1 2
+1 2
+2 2
+4 3
+3 3
fe=(107)
-17 1

fl=(178) ./debug/./debug/printf_chk.c
fn=(616) __printf_chk
25 130
+7 6
-4 12
+4 12
-4 6
+5 6
-1 6
+1 6
-5 6
+4 6
+1 6
-1 6
+1 6
cfi=(179)
cfn=(618)
calls=6 1180 
* 15998
-8 6
+7 2
-4 4
+4 4
-4 2
+5 2
-1 2
+1 2
-5 2
+4 2
+1 2
-1 2
+1 2
cfi=(179)
cfn=(618)
calls=2 1180 
* 2956
+4 40

fl=(195)
fn=(714)
117 265
+5 53

fl=(208) ./string/../sysdeps/x86_64/multiarch/strlen-avx2.S
fn=(752) __strlen_avx2
50 14
+13 14
+1 14
+1 14
+3 14
+2 14
+1 14
+3 14
+1 14
+8 14
+1 14
+1 12
+5 24
+26 2
+13 2
+1 2
+1 2
+6 4
+82 2
+15 2
+6 2
+1 2
+1 2

fl=(182) ./string/../sysdeps/x86_64/multiarch/memmove-vec-unaligned-erms.S
fn=(636) __mempcpy_avx_unaligned_erms
294 31
+1 31
+1 31
+1 31
+17 31
+1 31
+2 3
+1 3
+1 3
+3 3
+1 3
+1 3
+3 6
+30 28
+1 28
+2 20
+1 20
+2 19
+4 19
+1 15
+1 15
+1 15
+1 15
+1 6
+1 6
+2 6
+2 6
-2 9
+2 9
+6 4
+1 4
+1 4
+1 4
+1 4
+7 8
+1 8
+1 8
+1 8
+2 8
+17 1
+1 1
+1 1
+1 1
+1 1

fn=(638) __memcpy_avx_unaligned_erms
307 2930
+1 2930
+6 2930
+1 2930
+2 2927
+1 2927
+1 2927
+38 3
+1 3
+2 1
+1 1
+33 2
+1 2
+1 2
+1 2
+2 2
+17 1
+1 1
+1 1
+1 1
+1 1
+18 2927
+1 2927
+5 2925
+1 2925
+24 2925
+1 2925
+4 2925
+2 2925
+4 2925
+1 2925
+11 2925
+3 2925
+2 2925
+2 2925
+4 2925
+1 2925
+9 2925
+1 2925
+2 2925
+2 2925
+1 2925
+1 2925
+3 2925
+2 2925
+2 2925
+2 5850
+6 2925
+1 2925
+1 2925
+1 2925
+1 2925
+1 2925
+1 2925
+1 2925
+1 2925
+1 2925
+1 2925
+1 2925
-11 87744
+1 87744
+1 87744
+1 87744
+1 87744
+1 87744
+1 87744
+1 87744
+1 87744
+1 87744
+1 87744
+1 87744
+2 2925
+1 2925
+1 2925
+1 2925
+2 2925
+4 5850
+6 1
+1 1
+6 1
+1 1
+2 1
+1 1
+1 1
+2 1
+2 1
+2 2
+6 1
+1 1
+1 1
+1 1
+1 1
+1 1
+1 1
+1 1
+1 1
+1 1
+1 1
+1 1
-11 374373
+1 374373
+1 374373
+1 374373
+1 374373
+1 374373
+1 374373
+1 374373
+1 374373
+1 374373
+1 374373
+1 374373
+2 1
+1 1
+1 1
+1 1
+2 1
+1 2
+9 1
+7 1
+1 1
+30 2
+1 2
+4 2
+2 2
+3 1
+4 1
+1 1
+3 1
+1 1
+24 1
+2 1
+2 1
+2 1
+3 1
+1 1
+2 261817
+3 1
+2 1
+2 2

fl=(210) ./string/../sysdeps/x86_64/multiarch/strstr-sse2-unaligned.S
fn=(774) __strstr_sse2_unaligned
21 20001
+1 20001
+1 20001
+1 20001
+1 20001
+1 20001
+1 20001
+1 20001
+1 20001
+1 20001
+1 20001
+1 20001
+1 20001
+1 20001
+1 20001
+1 20001
+1 20001
+1 20001
+1 20001
+1 19689
+1 19689
+1 19689
+1 19689
+1 19689
+1 19689
+1 19689
+1 19689
+1 19689
+1 19689
+1 19689
+1 19689
+1 19689
+1 19689
+1 19689
+1 19689
+1 19689
+1 19689
+1 19689
+1 19689
+1 19689
+1 19689
+42 19689
+1 19689
+1 19689
+1 19689
+1 19689
+1 19689
+1 19689
+1 19689
+1 19689
+1 19689
+1 19689
+1 19689
+1 19689
+1 19689
+1 19689
+1 19689
+1 19689
+1 19689
+1 19689
+1 19689
+1 19689
+1 19689
+1 19689
+38 20001
+1 20001
+2 20001
+1 40002
+4 20001
+1 20001
+1 20001
+1 20001
+1 20001
+1 20001
+1 20001
+1 20001
+1 20001
+1 20001
+1 20001
+1 20001
+1 20001
+1 20001
+1 20001
+1 20001
+1 20001
+1 20001
+1 20001
+1 20001
+1 20001
+1 20001
+1 20001
+1 20001
+1 20001
+1 20001
+1 20001
+1 20001
+1 20001
+1 20001
+1 20001
+1 20001
+1 20001
-32 167186
+1 167186
+1 167186
+1 167186
+1 167186
+1 167186
+1 167186
+1 167186
+1 167186
+1 167186
+1 167186
+1 167186
+1 167186
+1 167186
+1 167186
+1 167186
+1 167186
+1 167186
+1 167186
+1 167186
+1 167186
+1 167186
+1 167186
+1 167186
+1 167186
+1 167186
+1 167186
+1 167186
+1 167186
+1 167186
+1 167186
+1 167186
+1 167186
+1 147500
+1 147500
+1 147500
+1 147500
+1 147500
+1 147500
+1 147500
+1 147500
+1 147500
+1 147500
+1 147500
+1 147500
+1 147500
+1 147500
+1 147500
+1 147500
+1 147500
+1 147500
+1 147500
+1 147500
+1 147500
+1 147500
+1 147500
+1 147500
+1 147500
+2 220001
+1 220001
+1 220001
+1 220001
+1 220000
+1 220000
+1 220000
+1 220000
+1 220000
+1 220000
+1 20000
+4 120000
+1 120000
+1 120000
+2 140000
+1 140000
+1 140000
+2 20000
+1 20000
+4 200000
+1 200000
+1 200000
+1 200000
+1 200000
+1 200000
+1 200000
+1 200000
+1 127499
+10 312
+1 312
+1 312
+1 312
+1 312
+1 312
+1 312
+1 312
+1 312
+1 312
+1 312
+1 312
+1 312
+1 312
+1 312
+1 312
+1 312
+1 312
+1 312
+1 312
+1 312
+1 312
+1 312
+1 312
+1 312
+1 312
+1 312
+1 312
+1 312
+1 312
+1 312
+1 312
+1 312
+1 312
+1 312
+1 312
+1 312
+1 312
+1 312
+1 312
+1 312
+1 312
+1 312
+1 312
+1 312
+1 312
+1 312
+1 312
+1 312
+1 312
+1 312
+2 312
+1 312
+1 312
+1 312
+2 312
+1 312
+25 312
+1 312
+1 312
+1 312
+9 1
+1 1

fl=(80) ./string/../sysdeps/x86/cacheinfo.c
fn=(288) __x86_cacheinfo
86 1
fi=(81) ./string/../sysdeps/x86/cacheinfo.h
-25 1
+3 3
+2 1
+1 1
-1 2
+7 3
+2 1
+1 1
-1 2
+5 2
+2 2
+1 2
+1 2
+2 2
fe=(80)
* 2

fl=(154) ./csu/../sysdeps/nptl/libc_start_call_main.h
fn=(534) (below main)
29 4
+15 1
-15 5
+15 1
cfi=(155) ./setjmp/../sysdeps/x86_64/bsd-_setjmp.S
cfn=(536) _setjmp
calls=1 -16 
* 34
* 1
+2 2
+5 2
+1 2
+3 2
+3 6
cob=(5) /home/matteo/Desktop/MULTILANGUAGE/C/bwt
cfi=(158) /home/matteo/Desktop/MULTILANGUAGE/C/bwt.c
cfn=(542) main
calls=1 273 
* 5307632344
* 1
+16 1
cfi=(212) ./stdlib/./stdlib/exit.c
cfn=(780) exit
calls=1 +68 
* 1499

fl=(159) ./stdio-common/./stdio-common/isoc99_scanf.c
fn=(546) __isoc99_scanf
25 39
+4 3
+1 6
-1 6
+1 3
-1 3
+1 3
-1 3
+1 3
-1 3
+1 3
cfi=(160)
cfn=(548)
calls=3 278 
* 4654
+4 15

fl=(108) ./string/../sysdeps/x86_64/multiarch/strncase_l.c
fn=(354) strncasecmp_l
31 1
fi=(224)
+1 5
fe=(108)
-1 1

fl=(164)
fn=(560)
78 18
+6 8
fi=(183)
940 6
+2 4
+1 4
fe=(164)
84 6
cfi=(163)
cfn=(562) _IO_file_stat
calls=2 1146 
* 36
* 4
+2 8
+11 8
+4 4
cob=(2)
cfi=(51)
cfn=(568) 0x000000000487d380
calls=2 0 
* 1998
* 2
+1 4
+2 8
cfi=(162)
cfn=(594)
calls=2 329 
* 48
+1 2
+1 16
-15 1
fi=(225) ./libio/../include/sys/sysmacros.h
-44 6
fe=(164)
+44 1
-2 2
+5 2

fl=(171)
fn=(590)
37 46
+6 23
-6 23
+3 23
-3 46
+3 23
+3 23
+20 11
+15 110
-20 46
+1 2
cfi=(172) ./misc/../sysdeps/unix/sysv/linux/brk.c
cfn=(592) brk
calls=1 -24 
* 9
* 2
+4 1
-1 46
+4 33
+2 10
-2 15
+8 5
cfi=(172)
cfn=(592)
calls=5 -39 
* 45
* 7
cfi=(172)
cfn=(592)
calls=7 -39 
* 65
* 24
-14 1
+18 5

fl=(163)
fn=(562)
1146 2
+1 4
cfi=(165)
cfn=(564)
calls=2 29 
* 30

fn=(598) _IO_file_read
1130 2926
+1 2926
+2 2926
-1 2926
+1 5852
cfi=(173)
cfn=(600)
calls=2926 25 
* 23408

fn=(848)
381 6
+1 2
cfi=(162)
cfn=(850)
calls=2 +70 
* 138
* 4
+3 2
+4 4
-2 6
+3 4

fn=(556)
461 2926
+4 8778
-4 23408
+7 5852
+6 8778
+3 5852
+12 5850
+9 5852
fi=(183)
940 2926
+2 2926
-2 2926
fe=(163)
505 5852
cfi=(162)
cfn=(596)
calls=2926 164 
* 73150
+6 2926
+5 2926
-5 2926
fi=(183)
942 5852
fe=(163)
511 2926
fi=(183)
942 2926
fe=(163)
511 8778
fi=(183)
943 5852
fe=(163)
516 11704
cfn=(598)
calls=2926 1130 
* 40964
+2 5852
+16 2925
-9 2925
+9 5850
+2 5850
+1 23400
-6 1
-10 5
+11 1
-11 2
+16 8
-57 3
+5 2
cfi=(162)
cfn=(558)
calls=1 343 
* 1923
+4 4

fn=(626)
731 400
+1 320
+7 398
+37 79
-2 158
+3 142
+3 213
+1 213
+1 284
+4 71
+1 284
-45 2
+12 2
+9 3
+5 3
+2 2
-3 2
+3 1
+1 1
-6 1
+1 1
+5 4
+1 1
+2 2
+13 9
-12 9
+1 9
+11 18
-12 9
cfn=(628) _IO_do_write@@GLIBC_2.2.5
calls=9 423 
* 869
+9 16
-1 8
+1 8
-1 8
cfn=(628)
calls=8 423 
* 864
* 16
-39 2
cfi=(162)
cfn=(558)
calls=1 343 
* 325
+1 1
+9 1
-9 5

fn=(624)
1197 130
+7 26
-7 78
+6 104
+9 52
-2 104
+17 3
+6 25
+2 25
+2 50
-2 25
+1 25
+1 25
-2 25
cob=(2)
cfi=(51)
cfn=(634)
calls=25 0 
* 453
* 25
+4 50
+28 234
-55 25
+4 25
-4 25
+1 50
+18 1
+12 1
fi=(183)
940 3
+2 2
+1 2
fe=(163)
1243 8
fi=(183)
940 24
+2 16
+1 16
fe=(163)
1243 27
cfn=(626)
calls=9 731 
* 1430
* 18
+6 18
+1 63
+2 18
+11 27
+1 4
cfi=(162)
cfn=(630)
calls=1 371 
* 775
+2 3
-48 954
-2 704
+4 8
+11 24
443 16

fn=(628)
423 17
+2 51
+1 1
-3 16
fi=(183)
940 16
fe=(163)
423 32
fi=(183)
940 16
fe=(163)
423 16
fi=(183)
940 32
fe=(163)
423 80
+20 16
-10 32
+7 64
fi=(183)
942 32
+1 32
fe=(163)
448 64
cfn=(642) _IO_file_write@@GLIBC_2.2.5
calls=16 1173 
* 736
* 16
+1 80
+2 16
+4 32
-3 32
-1 32
+4 32
-2 16
-28 64
+1 128
+28 32

fn=(642)
1173 112
+2 96
+5 16
cfi=(184)
cfn=(644)
calls=16 25 
* 144
+1 32
+5 16
+1 16
-12 32
+4 48
+1 32
+10 48
+3 96
-4 48

fn=(852)
792 10
+5 8
+2 2
+1 4
+11 4
+4 8

fl=(138) ./ctype/./ctype/ctype-info.c
fn=(444) __ctype_init
29 1
+2 7
+2 4
+2 4
+1 1

fl=(180) ./string/../sysdeps/x86_64/multiarch/strchr-avx2.S
fn=(622) __strchrnul_avx2
51 16
+2 16
+1 16
+1 16
+1 16
+1 16
+3 16
+1 16
+4 16
+1 16
+1 16
+1 16
+1 16
+1 16
+1 16
+1 15
+6 15
+1 30
+27 1
+1 1
+6 1
+1 2
+31 1
+4 1
+1 1
+1 1
+1 1
+1 1
+1 1
+1 1

fl=(104) ./string/../sysdeps/x86_64/multiarch/strcasecmp.c
fn=(344) strcasecmp
31 1
fi=(224)
+1 5
fe=(104)
-1 1

fl=(187)
fn=(656)
41 20
+5 8
+6 12
+7 4
+2 2
+1 2
-1 2
+1 2
cob=(2)
cfi=(51)
cfn=(568)
calls=2 -62 
* 378
* 2
+1 4
+7 6
+1 4
-30 4
+55 2926
-1 2926
+7 2926
-7 2926
+1 8778
+4 39
+2 26
cob=(2)
cfi=(51)
cfn=(662) 0x000000000487d3b0
calls=13 0 
* 265311
+1 26
-1 13
+1 13
+5 13
+1 13
+2 13
-2 13
+2 52
cob=(2)
cfi=(51)
cfn=(672)
calls=13 0 
* 5395
* 11652
cob=(2)
cfi=(51)
cfn=(672)
calls=2913 0 
* 1208423
+1 2926
+2 11700
cfi=(162)
cfn=(674)
calls=2924 269 
* 400588
* 5848
+2 5848
-21 2924
+21 2924
-31 14620
cob=(2)
cfi=(51)
cfn=(658) 0x000000000487d420
calls=2924 -85 
* 1347888
* 10
cob=(2)
cfi=(51)
cfn=(658)
calls=2 -85 
* 483
+2 2926
-2 2926
+2 11704
+1 11704
fi=(183)
883 6
+1 16
fe=(187)
124 18
-72 16
+1 2
-1 4
+1 4
+65 4
fi=(183)
883 4
fe=(187)

fl=(204)
fn=(742)
46 117
+3 18
+13 9
+1 9
-16 9
+18 18
+7 51
+1 6
-1 12
+1 12
-1 12
+4 18
+3 9
234 81

fl=(194) ./string/../sysdeps/x86_64/multiarch/memset-vec-unaligned-erms.S
fn=(702) __memset_avx2_unaligned_erms
181 60
+1 180
+5 60
+1 60
+1 60
+1 60
+14 4
+1 4
+2 8
+52 60
+1 60
+23 8
+1 8
+5 8
+3 8
+1 8
+3 4
+1 4
+13 4
+1 4
+2 4
+3 4
+3 4
+3 4
+1 4
+1 4
+1 4
+1 4
+1 4
+1 4
-6 44
+1 44
+1 44
+1 44
+1 44
+1 44
+1 48
+3 4
+1 4
+1 4
+1 4
+3 8
+11 52
+1 52
+1 52
+1 649092
+1 52
+1 104

fl=(155)
fn=(536)
28 1
+2 1
+2 1
cfi=(156)
cfn=(538)
calls=1 -2 
* 31

fl=(215) ./nptl/./nptl/pthread_mutex_lock.c
fn=(788) pthread_mutex_lock@@GLIBC_2.2.5
77 1
+3 3
+2 1
+2 2
-7 2
+11 2
+79 1
+3 1
+2 1
+3 1
+2 1
+1 3
-81 2
+11 4
+4 1
+3 2
-71 1
+1 8
+1 1
+84 3
+1 2

fl=(169)
fn=(576)
28 1
+1 7
+1 1

fl=(86) ./wcsmbs/../sysdeps/x86_64/multiarch/wcsnlen.c
fn=(300) wcsnlen
29 1
fi=(87)
+5 4
-1 2
+2 3
+2 2
+4 3
+3 3
fe=(86)
-15 1

fl=(98) ./wcsmbs/../sysdeps/x86_64/multiarch/wcscmp.c
fn=(330) wcscmp
30 1
fi=(94)
+3 5
-1 2
+2 3
+2 2
+4 3
+3 4
fe=(98)
-13 1

fl=(148) ./misc/./misc/init-misc.c
fn=(500) __init_misc
30 1
+1 2
-1 4
+1 3
+2 3
cob=(2)
cfi=(51)
cfn=(502) 0x000000000487d5f0
calls=1 -33 
* 30
+4 5
+1 3
+2 4

fl=(147) ./csu/./csu/init-first.c
fn=(498) _init_first
46 4
+5 2
+4 5
+8 1
-2 1
+10 1
-9 1
+1 1
+9 2
-1 1
cfi=(148)
cfn=(500)
calls=1 -41 
* 55

fl=(137) ./elf/./elf/libc_early_init.c
fn=(442) __libc_early_init
33 7
+2 1
cfi=(138)
cfn=(444)
calls=1 -6 
* 17
+3 1
fi=(140) ./elf/../sysdeps/nptl/pthread_early_init.h
-5 2
fe=(137)
+8 1
-3 1
fi=(140)
-5 1
cfi=(139)
cfn=(446)
calls=1 +5 
* 10
* 3
+1 6
+11 1
fi=(226) ./elf/../nptl/nptl-stack.h
+13 3
fi=(140)
-13 1
fi=(226)
+13 2
fi=(140)
-4 1
fi=(226)
+4 2
fi=(140)
-6 1
fi=(226)
+6 1
fi=(140)
-12 1
+6 6
+1 1
+4 1
cfi=(141)
cfn=(450)
calls=1 -7 
* 884
fe=(137)
-10 3
+2 2
-2 1
cfi=(144)
cfn=(464)
calls=1 +49 
* 147

fl=(152) ./csu/../csu/libc-start.c
fn=(512) __libc_start_main@@GLIBC_2.34
242 12
343 3
+1 3
cfi=(153)
cfn=(514)
calls=1 69 
* 71
+25 6
+6 2
-3 2
+10 2
cob=(2)
cfi=(51)
cfn=(528) 0x000000000487d6d0
calls=1 0 
* 836
+2 2
+8 4
cfi=(154)
cfn=(534)
calls=1 29 
* 5307633905
128 2
+6 3
+1 6
cob=(2)
cfi=(51)
cfn=(518) 0x0000000000109000
calls=1 0 
* 7
* 1
+3 1
+1 2
+3 2
+1 2
-1 1
+2 7
+1 4
cob=(5)
cfi=(151) ???
cfn=(522) 0x0000000000001890
calls=1 0 
* 12
-1 4

fl=(161)
fn=(550)
24 13
+3 26
+3 52
+1 13
+2 13
+1 13

fn=(608)
39 13
+3 26
+2 26
+1 26
+2 13

fl=(181)
fn=(632)
163 4
+3 8
+2 4
+9 130
+9 4

fl=(172)
fn=(592)
35 13
+1 52
+1 26
+6 12
+1 12
-5 2
+1 2

fl=(190) ./string/../sysdeps/x86_64/multiarch/strcpy-avx2.S
fn=(686) __strncpy_avx2
53 1
+2 1
+1 1
+1 1
+2 1
+2 1
+5 1
+2 1
+1 1
+1 1

ob=(5)
fl=(151)
fn=(510) (below main)
0 12
cob=(3)
cfi=(152)
cfn=(512)
calls=1 242 
0 5307634902

fn=(522)
0 12

fn=(808) 0x00000000000017e0
0 5

fn=(792) 0x0000000000001850
0 9
cob=(2)
cfi=(51)
cfn=(798) 0x00000000001090f0
calls=1 0 
0 74
0 1
cfn=(808)
calls=1 0 
0 5
0 3

fl=(158)
fn=(696) suffix_array
104 1
+1 1
-1 7
+1 3
-1 1
+1 1
+2 1
-2 1
+2 2
-3 1
+3 1
-3 1
+3 2
+1 1
+1 1
-1 1
+1 4
cob=(2)
cfi=(51)
cfn=(646) 0x0000000000109160
calls=1 0 
* 292
+1 1
+3 1
+4 1
-7 2
-1 1
+8 1
-7 1
+1 1
+1 1
+1 1
cob=(2)
cfi=(51)
cfn=(646)
calls=1 0 
* 292
+1 1
+3 1
-4 1
+1 1
+1 1
+1 1
+1 1
cob=(2)
cfi=(51)
cfn=(646)
calls=1 0 
* 292
+1 1
-1 1
+1 1
cob=(2)
cfi=(51)
cfn=(646)
calls=1 0 
* 292
-12 1
+14 1
-2 1
-12 6
+14 11980010
+8 11980000
-8 71880002
+2 8
cfn=(698) radix_pass
calls=1 -32 
* 135773845
+1 6
cfn=(698)
calls=1 -33 
* 135773701
+1 6
cfn=(698)
calls=1 -34 
* 135773701
+4 3
-2 1
+2 1
-2 8
+4 411
-1 411
+6 71880003
+1 7986666
-8 3993333
+8 3993333
-8 7986666
+8 3993334
-8 3993334
+8 3993334
-8 7986668
+1 119799184
+10 6
+6 1
-6 2
+6 63893338
+1 5
+2 1
-2 1
cfn=(698)
calls=1 -56 
* 67887040
+2 8
+1 7986599
+3 15973198
-71 23959781
+71 23959749
-71 31946391
+72 15973328
+2 7986664
-1 7986664
-1 23959992
+2 15973328
-7 23959994
+2 11979998
-1 11979998
+1 11979998
-1 35939994
+1 11979998
+2 23959996
-2 11979998
+2 23959996
-2 11979998
+2 35939994
-3 39933592
+3 7986798
-66 11980189
+67 7986668
+6 3993334
-4 3993334
-2 7986668
+5 3993334
+2 7986695
-12 4
+17 2
cob=(2)
cfi=(51)
cfn=(704) 0x0000000000109100
calls=1 0 
* 68
+1 2
cob=(2)
cfi=(51)
cfn=(704)
calls=1 0 
* 68
+1 2
cob=(2)
cfi=(51)
cfn=(704)
calls=1 0 
* 61
+1 1
+2 7
-2 1
cob=(2)
cfi=(51)
cfn=(704)
calls=1 0 
* 61
-16 7986782
-71 7986782
+71 3993333
-71 3993333
+71 7986666
-71 19966591
+59 5
cfn=(697) suffix_array'2
calls=1 -36 
* 2921313426
+1 2
-1 2
+1 39933336

fn=(697)
104 14
+1 14
-1 98
+1 42
-1 14
+1 14
+2 14
-2 14
+2 28
-3 14
+3 14
-3 14
+3 28
+1 14
+1 14
-1 14
+1 56
cob=(2)
cfi=(51)
cfn=(646)
calls=14 0 
* 3990
+1 14
+3 14
+4 14
-7 28
-1 14
+8 14
-7 14
+1 14
+1 14
+1 14
cob=(2)
cfi=(51)
cfn=(646)
calls=14 0 
* 4149
+1 14
+3 14
-4 14
+1 14
+1 14
+1 14
+1 14
cob=(2)
cfi=(51)
cfn=(646)
calls=14 0 
* 3794
+1 14
-1 14
+1 14
cob=(2)
cfi=(51)
cfn=(646)
calls=14 0 
* 4112
-12 14
+14 14
-2 14
-12 84
+14 23878048
+8 23877914
-8 143267524
+2 112
cfn=(698)
calls=14 -32 
* 271030700
+1 84
cfn=(698)
calls=14 -33 
* 271030417
+1 84
cfn=(698)
calls=14 -34 
* 271030417
+4 42
-2 14
+2 14
-2 112
+4 67910
-1 67910
+6 143267544
+1 15918608
-8 7959304
+8 7959304
-8 15918608
+8 7959312
-8 7959312
+8 7959312
-8 15918624
+1 238547250
+10 85
+4 136790
+2 14
-6 28
+6 127348944
+1 70
+2 14
-2 14
cfn=(698)
calls=14 -56 
* 135721913
+2 112
+1 12030301
+3 24060602
-71 36071160
+71 36031674
-71 51916892
+72 31837180
+2 15918590
-1 15918590
-1 47755770
+2 31837180
-7 47755772
+2 23877895
-1 23877895
+1 23877895
-1 71633685
+1 23877895
+2 47755790
-2 23877895
+2 47755790
-2 23877895
+2 71633685
-3 95146166
+3 23695188
-66 35524224
+67 15918610
+6 7959305
-4 7959305
-2 15918610
+5 7959305
+2 15918899
-12 36
+17 18
cob=(2)
cfi=(51)
cfn=(704)
calls=9 0 
* 717
-17 5
+17 10
cob=(2)
cfi=(51)
cfn=(704)
calls=5 0 
* 340
+1 28
cob=(2)
cfi=(51)
cfn=(704)
calls=14 0 
* 1091
+1 28
cob=(2)
cfi=(51)
cfn=(704)
calls=14 0 
* 1168
+1 14
+2 98
-2 14
cob=(2)
cfi=(51)
cfn=(704)
calls=14 0 
* 1464
-16 23643908
-71 23643908
+71 11810908
-71 11810908
+71 23621816
-71 51297455
+74 80
-15 65
cfn=(697)
calls=13 -36 
* 5696412644
+1 26
-1 26
+1 79456303

fn=(718) build_bwt
25 1
+2 3
+2 4
+1 119800007
-1 35940000
+1 1
-1 3
+6 1

fn=(770) default_search
212 2
+2 1
-2 4
+3 1
cob=(2)
cfi=(51)
cfn=(772) 0x00000000001091b0
calls=1 0 
* 558
+1 3
+1 2
+1 1
-1 1
cob=(2)
cfi=(51)
cfn=(772)
calls=1 0 
* 807
* 39998
+1 19999
-1 19999
cob=(2)
cfi=(51)
cfn=(772)
calls=19999 0 
* 16055874
-1 40000
+4 2
+2 2
-2 1
+2 2

fn=(766) naif_search
189 5
+5 3
+2 6
-5 3
+3 47859967
+2 26439982
+4 4739997
+2 2439998
-8 60000
+15 2
+1 2
-1 1
+1 3
-8 1100000
-3 20000

fn=(542)
273 2
+12 1
-12 1
+12 1
-12 8
+12 1
-8 1
+2 1
+2 1
+2 1
+2 1
cob=(2)
cfi=(51)
cfn=(544) 0x0000000000109190
calls=1 0 
* 3118
fi=(177) /usr/include/x86_64-linux-gnu/bits/stdio2.h
112 5
cob=(2)
cfi=(51)
cfn=(614) 0x0000000000109170
calls=1 0 
* 2112
fe=(158)
289 2
cob=(2)
cfi=(51)
cfn=(646)
calls=1 0 
* 185
+2 1
-2 1
+2 1
+1 1
-1 1
+1 1
-1 1
cob=(2)
cfi=(51)
cfn=(646)
calls=1 0 
* 292
+1 1
+1 1
-2 2
+1 1
cob=(2)
cfi=(51)
cfn=(646)
calls=1 0 
* 292
+1 1
-1 1
+1 1
cob=(2)
cfi=(51)
cfn=(646)
calls=1 0 
* 292
+1 1
-1 2
+1 1
cob=(2)
cfi=(51)
cfn=(646)
calls=1 0 
* 292
+4 5
-4 1
+1 1
+2 1
+1 1
cob=(2)
cfi=(51)
cfn=(652) 0x00000000001091a0
calls=1 0 
* 3336705
+2 1
fi=(227) /usr/include/x86_64-linux-gnu/bits/string_fortified.h
95 4
cob=(2)
cfi=(51)
cfn=(684) 0x0000000000109110
calls=1 -95 
* 1778384
fe=(158)
304 3
-3 1
+1 1
+2 1
cob=(2)
cfi=(51)
cfn=(544)
calls=1 0 
* 680
+4 3
-2 1
+2 1
cob=(2)
cfi=(51)
cfn=(652)
calls=1 0 
* 334
+2 2
+2 2
-2 1
+2 2
cob=(2)
cfi=(51)
cfn=(544)
calls=1 0 
* 952
fi=(191) /home/matteo/Desktop/MULTILANGUAGE/C/bwt.h
14 1
cob=(2)
cfi=(51)
cfn=(690) 0x0000000000109130
calls=1 -14 
* 37
fe=(158)

ob=(3)
fl=(190)
fn=(686)
111 1
+2 1
+1 1
+1 1
+2 1
+1 1
+1 1
+1 1
+1 1
+1 1
+1 1
+2 1
+1 1
+2 1
+2 1
+5 1
+1 1
+1 1
+1 1
+1 1
+2 1
+1 1
+2 1
+2 1
+5 1
+1 1
+1 1
+1 1
+1 1
+2 1
+1 1
+2 1
+2 1
+5 1
+1 1
+1 1
+1 1
+1 1
+2 1
+1 1
+2 1
+2 1
+5 1
+1 1
+1 1
+1 1
+1 1
+2 1
+1 1
+2 1
+2 1
+5 1
+1 1
+1 1
+1 1
+1 1
+2 1
+1 1
+2 1
+2 1
+5 1
+1 1
+1 1
+1 1
+1 1
+1 1
+2 1
+3 1
+1 1
+1 1
+1 1
+1 1
+1 1
+1 1
+1 1
+1 1
+2 1
+1 1
+2 1
+1 1
+3 93591
+1 93591
+1 93591
+1 93591
+1 93591
+1 93591
+1 93591
+1 93591
+1 93591
+1 93591
+1 93591
+1 93591
+1 93591
+1 93591
+1 93591
+2 93591
+1 93591
+2 93590
+1 93590
+42 1
+1 1
+1 1
+1 1
+6 1
+2 1
+2 1
+1 1
+2 1
+1 1
+1 1
+6 1
+2 1
+2 1
+1 1
+2 1
+1 1
+1 1
714 1
+1 1
+1 1
+1 1
+7 2
890 1
+1 1
+26 1
+1 1
+1 1
+1 1
+1 1
+1 1
+2 1
+4 1
+1 1
+1 1
+1 1
+1 1
+1 1
+1 1
+2 1
+5 1
+1 1
+1 1
+1 1
+1 1
+1 1
+1 1
+2 1
+5 1
+1 1
+1 1
+1 1
+1 1
+1 1
+1 1
+1 1
+2 1
+1 1

ob=(5)
fl=(158)
fn=(542)
fi=(191)
14 1
fe=(158)
+6 59900010
322 6
cob=(2)
cfi=(51)
cfn=(646)
calls=1 0 
* 292
* 1
+2 71880005
+5 4
-4 1
+1 1
+1 1
+2 1
cfn=(696)
calls=1 104 
* 4370896402
+2 2
cob=(2)
cfi=(51)
cfn=(704)
calls=1 0 
* 63
+3 3
+1 11
cob=(2)
cfi=(51)
cfn=(716) 0x0000000000109180
calls=1 0 
* 4492521
+2 1
+6 2
cfn=(718)
calls=1 25 
* 155740020
+1 1
cfn=(720) build_b_rank_cum_count
calls=1 37 
* 227620203
fi=(191)
18 1
cob=(2)
cfi=(51)
cfn=(690)
calls=1 -18 
* 37
+4 2
fi=(177)
+90 1
fi=(191)
-90 1
fi=(177)
+90 1
fi=(191)
-94 1
+4 1
fi=(177)
+90 1
fi=(191)
-90 2
fi=(177)
+90 1
cob=(2)
cfi=(51)
cfn=(614)
calls=1 0 
* 3440
fi=(191)
-98 1
cob=(2)
cfi=(51)
cfn=(690)
calls=1 -14 
* 37
fe=(158)
364 1
fi=(191)
14 1
fe=(158)
364 3
cob=(2)
cfi=(51)
cfn=(646)
calls=1 0 
* 565
+2 1
-1 1
+1 1
-2 1
+2 1
cfn=(758) build_twb
calls=1 66 
* 155740013
fi=(191)
18 1
cob=(2)
cfi=(51)
cfn=(690)
calls=1 -18 
* 37
+4 2
fi=(177)
+90 1
fi=(191)
-90 1
-4 1
fi=(177)
+94 1
fi=(191)
-90 1
fi=(177)
+90 1
fi=(191)
-90 2
fi=(177)
+90 1
cob=(2)
cfi=(51)
cfn=(614)
calls=1 0 
* 2556
fe=(158)
372 2
cob=(2)
cfi=(51)
cfn=(704)
calls=1 0 
* 124
fi=(177)
112 5
cob=(2)
cfi=(51)
cfn=(614)
calls=1 0 
* 908
fe=(158)
380 3
+2 2
cob=(2)
cfi=(51)
cfn=(760) 0x0000000000109120
calls=1 0 
* 468
fi=(191)
14 1
cob=(2)
cfi=(51)
cfn=(690)
calls=1 -14 
* 37
fe=(158)
388 4
fi=(191)
14 1
fe=(158)
388 3
cfn=(766)
calls=1 189 
* 82659969
* 1
fi=(191)
18 1
cob=(2)
cfi=(51)
cfn=(690)
calls=1 -18 
* 37
* 1
fe=(158)
392 2
fi=(191)
22 2
fi=(177)
+90 2
fi=(191)
-90 1
fi=(177)
+90 1
fi=(191)
-90 3
fi=(177)
+90 1
cob=(2)
cfi=(51)
cfn=(614)
calls=1 0 
* 2574
fe=(158)
397 2
cob=(2)
cfi=(51)
cfn=(760)
calls=1 0 
* 527
fi=(191)
14 1
cob=(2)
cfi=(51)
cfn=(690)
calls=1 -14 
* 37
fe=(158)
401 5
fi=(191)
14 1
fe=(158)
401 1
cfn=(768) naif_search_optimized
calls=1 172 
* 135700025
* 1
fi=(191)
18 1
cob=(2)
cfi=(51)
cfn=(690)
calls=1 -18 
* 37
* 1
fe=(158)
405 4
cob=(2)
cfi=(51)
cfn=(760)
calls=1 0 
* 352
fi=(191)
22 2
fi=(177)
+90 2
fi=(191)
-90 1
fi=(177)
+90 1
fi=(191)
-90 3
fi=(177)
+90 1
cob=(2)
cfi=(51)
cfn=(614)
calls=1 0 
* 2451
fe=(158)
410 2
cob=(2)
cfi=(51)
cfn=(760)
calls=1 0 
* 492
fi=(191)
14 1
cob=(2)
cfi=(51)
cfn=(690)
calls=1 -14 
* 37
fe=(158)
414 3
fi=(191)
14 1
fe=(158)
414 1
cfn=(770)
calls=1 212 
* 16177257
* 1
fi=(191)
18 1
cob=(2)
cfi=(51)
cfn=(690)
calls=1 -18 
* 37
* 1
fe=(158)
418 4
cob=(2)
cfi=(51)
cfn=(760)
calls=1 0 
* 352
fi=(191)
22 2
fi=(177)
+90 2
fi=(191)
-90 1
fi=(177)
+90 1
fi=(191)
-90 3
fi=(177)
+90 1
cob=(2)
cfi=(51)
cfn=(614)
calls=1 0 
* 2646
fe=(158)
423 2
cob=(2)
cfi=(51)
cfn=(760)
calls=1 0 
* 433
fi=(191)
14 1
cob=(2)
cfi=(51)
cfn=(690)
calls=1 -14 
* 37
fe=(158)
427 4
fi=(191)
14 1
fe=(158)
427 1
cfn=(778) bwt_search
calls=1 225 
* 21680041
* 1
fi=(191)
18 1
cob=(2)
cfi=(51)
cfn=(690)
calls=1 -18 
* 37
* 1
fe=(158)
431 4
cob=(2)
cfi=(51)
cfn=(760)
calls=1 0 
* 352
fi=(191)
22 2
fi=(177)
+90 2
fi=(191)
-90 1
fi=(177)
+90 1
fi=(191)
-90 3
fi=(177)
+90 1
cob=(2)
cfi=(51)
cfn=(614)
calls=1 0 
* 2571
fe=(158)
437 12
-45 2
cob=(2)
cfi=(51)
cfn=(760)
calls=1 0 
* 352
* 1

fn=(758)
66 1
+5 1
-2 1
-3 1
+5 1
-2 1
+2 6
+1 1
+2 1
-3 1
+3 6
-3 4
+1 11979999
+2 11979999
-3 11979999
+3 71879994
-3 47919996
+7 1

fn=(720)
37 1
+3 1
-3 1
+3 2
+1 4
-1 4
+1 11980000
-1 47920000
+4 22

ob=(3)
fl=(190)
fn=(686)
965 1
+1 1
+1 1
+1 1
+1 1
+1 1

fl=(127) ./string/../sysdeps/x86_64/multiarch/rawmemchr.c
fn=(406) rawmemchr
31 1
fi=(123)
+4 5
-1 2
+2 3
+5 2
-3 2
+9 3
+3 4
fe=(127)
-19 1

fl=(189)
fn=(680)
26 35
+4 15
+7 20
+2 25

fl=(117) ./string/../sysdeps/x86_64/multiarch/strlen.c
fn=(378) strlen
29 1
fi=(83)
+4 5
-1 2
+2 3
+2 2
+4 3
+3 4
fe=(117)
-14 1

fl=(149) ./string/../sysdeps/x86_64/multiarch/strrchr-avx2.S
fn=(504) __strrchr_avx2
46 1
+1 1
+1 1
+2 1
+1 1
+3 1
+1 1
+1 1
+2 1
+1 1
+1 1
+1 1
+1 1
+1 1
+2 1
+1 1
+12 1
+1 1
219 1
+1 1
+1 1
+1 1
+1 1
+2 1
+1 1
+1 1
+1 2

fl=(99) ./string/../sysdeps/x86_64/multiarch/stpncpy.c
fn=(334) stpncpy
31 1
fi=(100)
+5 2
+1 1
-1 2
+1 2
+2 2
+4 3
+3 3
fe=(99)
-15 1

fl=(212)
fn=(782) __run_exit_handlers
40 11
+5 2
+3 5
+50 1
-42 1
+2 3
+8 6
+2 1
+3 1
-3 1
+3 6
+34 1
+1 1
+1 1
-2 1
+7 1
-3 2
+3 3
+1 3
cob=(1) /usr/lib/x86_64-linux-gnu/ld-linux-x86-64.so.2
cfi=(214) ./elf/./elf/dl-fini.c
cfn=(786) _dl_fini
calls=1 -82 
* 897
+1 4
+10 2
+1 2
-63 1
+69 4
+2 2
+1 4

ob=(5)
fl=(158)
fn=(720)
47 2
+1 35940006
+1 95840000
-2 35940003
+6 1
+1 1
-1 1
+4 3
+1 1
+1 1
-2 1
+3 1
-3 2
+1 24
+1 24
-2 24
+3 24
-3 49

fn=(778)
225 9
+4 1
-4 1
+4 2
+2 6
-2 1
+2 2
+3 1
+3 2
+8 3
-18 5
+10 4559999
+8 2320000
+2 1160000
-7 3480000
+7 6400000
+4 920000
-6 460000
+6 1380000
-6 920000
-8 20000
+8 20000
-8 40000
+22 3
+2 6

fn=(768)
172 2
+5 4
-3 2
+1 2
+5 23200002
+2 24020002
-5 35940003
+2 52540004
+7 3
+1 1

fn=(698)
90 540
+1 60
-1 60
+1 60
-1 60
+1 120
cob=(2)
cfi=(51)
cfn=(646)
calls=60 -91 
* 11127
* 60
+1 360
cob=(2)
cfi=(51)
cfn=(700) 0x0000000000109150
calls=60 -92 
* 650572
* 60
+1 120
-3 60
+4 120
+1 60
+1 60
-2 60
+3 60
-3 120
+1 163956
+1 163956
-2 163956
+3 163956
-3 327912
+5 120
-5 60
+5 920353445
+2 300
-1 60
cob=(2)
cfi=(51)
cfn=(704)
calls=60 0 
* 8944
-7 502011210

ob=(3)
fl=(212)
fn=(782)
134 2
cfi=(162)
cfn=(840)
calls=1 863 
* 498
* 3
+2 2
cfi=(220)
cfn=(854)
calls=1 27 
* 5
-90 1
cfi=(213)
cfn=(784)
calls=1 149 
* 12
* 1

fn=(780)
142 3
+1 3
-1 1
+1 1
cfn=(782)
calls=1 40 
* 1491

fl=(126) ./string/../sysdeps/x86_64/multiarch/strncase.c
fn=(404) strncasecmp
31 1
fi=(224)
+1 5
fe=(126)
-1 1

fl=(211)
fn=(776)
48 17
+6 2
+12 2
+76 11
-71 1
+1 2
+9 1
cfi=(205)
cfn=(744)
calls=1 -50 
* 33
+2 3
+1 1
+4 2

fl=(218)
fn=(802)
76 4
+1 2
-1 2
+1 6
fi=(219) ./posix/../malloc/dynarray-skeleton.c
243 2
fe=(218)
65 4
+38 8
+1 4

fl=(101) ./wcsmbs/../sysdeps/x86_64/multiarch/wmemchr.c
fn=(338) wmemchr
31 2
fi=(102) ./wcsmbs/../sysdeps/x86_64/multiarch/ifunc-evex.h
+4 10
-1 4
+2 6
+5 4
-3 4
+9 6
+3 8
fe=(101)
-19 2

ob=(5)
fl=(158)
fn=(698)
94 120

ob=(2)
fl=(51)
fn=(634)
0 62
cob=(3)
cfi=(182)
cfn=(636)
calls=31 294 
0 511

fn=(652)
0 4
cob=(3)
cfi=(186)
cfn=(654)
calls=2 27 
0 3337035

fn=(164) 0x0000000004002050
0 6
cob=(1)
cfi=(52) ./elf/./elf/dl-error-skeleton.c
cfn=(166) _dl_catch_exception
calls=3 175 
0 9554

fn=(452)
0 38
cob=(1)
cfi=(10) ./elf/./elf/dl-tunables.c
cfn=(24) __tunable_get_val
calls=19 402 
0 391
cob=(1)
cfi=(142) ./elf/../sysdeps/x86_64/dl-trampoline.h
cfn=(458) _dl_runtime_resolve_xsave
calls=1 67 
0 813
0 5

fn=(502)
0 2
cob=(3)
cfi=(149)
cfn=(504)
calls=1 46 
0 28

fn=(518)
0 7

fn=(684)
0 2
cob=(3)
cfi=(190)
cfn=(686)
calls=1 53 
0 1778382

fn=(690)
0 24
cob=(3)
cfi=(192)
cfn=(692)
calls=12 25 
0 420

fn=(772)
0 40002
cob=(3)
cfi=(210)
cfn=(774)
calls=20001 21 
0 16017237

fn=(814) 0x000000000010a3ec
0 4

fn=(528)
0 2
cob=(1)
cfi=(49) ./elf/./elf/dl-audit.c
cfn=(532) _dl_audit_preinit
calls=1 117 
0 5
cob=(1)
cfi=(142)
cfn=(458)
calls=1 67 
0 824
0 5

fn=(704)
0 244
cob=(3)
cfi=(167)
cfn=(706)
calls=122 3352 
0 13925

fn=(826) 0x000000000483f040
0 2
cob=(3)
cfi=(217)
cfn=(800)
calls=1 30 
0 72

fn=(544)
0 6
cob=(3)
cfi=(159)
cfn=(546)
calls=3 25 
0 4744

fn=(646)
0 254
cob=(3)
cfi=(167)
cfn=(570)
calls=127 3287 
0 30296

fn=(662)
0 26
cob=(3)
cfi=(167)
cfn=(666)
calls=13 3400 
0 264657
cob=(1)
cfi=(142)
cfn=(458)
calls=1 67 
0 623
0 5

fn=(700)
0 120
cob=(3)
cfi=(194)
cfn=(702)
calls=60 181 
0 650452

fn=(818) 0x000000000483f334
0 3
cob=(4) /usr/libexec/valgrind/vgpreload_core-amd64-linux.so
cfi=(146) ???
cfn=(820) 0x00000000000010e0
calls=1 0 
0 105
0 2

fn=(658)
0 5852
cob=(3)
cfi=(188)
cfn=(660)
calls=2926 60 
0 1342519

fn=(672)
0 5858
cob=(3)
cfi=(182)
cfn=(638)
calls=2929 307 
0 1469836

fn=(760)
0 16
cob=(3)
cfi=(209)
cfn=(762)
calls=8 33 
0 3312

fn=(160) 0x0000000004002080
0 2
cob=(1)
cfi=(52)
cfn=(162) _dl_catch_error
calls=1 225 
0 2782

fn=(480) 0x000000000483f000
0 6
cob=(4)
cfi=(146)
cfn=(484) 0x0000000000001170
calls=1 0 
0 12
0 1
cob=(4)
cfi=(146)
cfn=(492) 0x00000000000012f0
calls=1 0 
0 5
0 2

fn=(568)
0 8
cob=(3)
cfi=(167)
cfn=(570)
calls=4 3287 
0 2368

fn=(614)
0 16
cob=(3)
cfi=(178)
cfn=(616)
calls=8 25 
0 19242

fn=(716)
0 2
cob=(3)
cfi=(182)
cfn=(638)
calls=1 307 
0 4492519

fn=(798)
0 2
cob=(3)
cfi=(217)
cfn=(800)
calls=1 30 
0 72

fn=(620)
0 32
cob=(3)
cfi=(180)
cfn=(622)
calls=16 51 
0 313

fn=(750)
0 28
cob=(3)
cfi=(208)
cfn=(752)
calls=14 50 
0 212

ob=(1)
fl=(2) ./elf/./elf/rtld.c
fn=(2) _dl_start
527 10
85 1
fi=(6) ./elf/../sysdeps/x86_64/dl-machine.h
-40 1
fe=(2)
557 1
-4 1
85 2
556 1
85 1
fi=(3) ./elf/./get-dynamic-info.h
-40 1
fe=(2)
556 1
fi=(3)
45 2
+9 1
+5 1
+3 1
+2 1
+4 1
-7 1
-3 1
-3 14
+13 4
-23 16
+23 14
-23 56
+4 36
+5 20
+2 5
+3 4
fi=(4) ./elf/../sysdeps/generic/ldsodefs.h
+21 1
fi=(3)
-8 3
+10 4
+1 4
+1 4
+1 4
+2 4
+5 4
+1 4
+1 4
+3 3
+5 2
+7 3
+1 3
+8 2
+1 2
+5 3
+3 3
fe=(2)
573 1
fi=(6)
71 1
fe=(2)
573 42
fi=(6)
414 1
fi=(5) ./elf/./elf/do-rel.h
86 1
fe=(2)
573 2
fi=(5)
49 1
+37 1
-37 1
+37 1
+2 1
-2 1
+2 1
-2 1
+27 2
-27 1
fe=(2)
573 2
fi=(5)
49 1
+37 1
-37 1
+37 1
+2 1
-2 1
+2 1
-2 1
+27 3
+1 2
fi=(6)
534 2
fi=(5)
114 282
fi=(6)
534 282
+1 142
fi=(5)
113 142
fi=(6)
535 284
fi=(5)
113 284
+5 4
+8 7
fi=(6)
326 12
fi=(5)
126 21
+2 7
+2 7
-2 7
fi=(6)
287 7
fi=(5)
130 7
-2 7
+1 14
fi=(6)
287 14
+9 70
+3 14
+27 33
fe=(2)
573 6
fi=(5)
50 1
fi=(4)
+30 2
fi=(6)
326 2
+20 12
+1 6
fe=(2)
575 1
+13 1
cfi=(7) ./elf/./elf/dl-minimal.c
cfn=(12) __rtld_malloc_init_stubs
calls=1 42 
* 10
+4 2
85 1
488 2
85 3
488 1
cfi=(8) ./elf/./elf/dl-setup_hash.c
cfn=(14) _dl_setup_hash
calls=1 25 
* 29
+2 2
-1 1
+1 2
+17 1
-15 1
-2 1
+17 1
-15 1
+9 1
-11 1
+17 1
cfi=(9) ./elf/../elf/dl-sysdep.c
cfn=(16) _dl_sysdep_start
calls=1 85 
* 150121
* 1
+2 2
+98 9
fi=(3)
62 4
+2 4
fe=(2)
573 3

fn=(156) handle_preload_list
894 10
+5 1
-5 2
+5 2
+6 1
-64 1
+54 3
+7 3
cfi=(50) ./string/../sysdeps/x86_64/strcspn.S
cfn=(158) strcspn
calls=1 25 
* 233
* 1
+1 3
+9 1
191 1
914 2
191 2
916 2
-80 1
+5 5
-10 1
+8 1
-4 1
+1 1
+1 1
+4 1
cob=(2)
cfi=(51)
cfn=(160)
calls=1 0 
* 2784
+1 3
+8 3
+67 1
-18 2
+21 9
-15 4
cfi=(29) ./string/../sysdeps/x86_64/multiarch/memmove-vec-unaligned-erms.S
cfn=(80) memcpy
calls=1 212 
* 19
+1 2

fn=(170) map_doit
663 2
+2 1
-2 1
+2 1
+1 2
-1 2
+1 3
cfi=(31) ./elf/./elf/dl-load.c
cfn=(172) _dl_map_object
calls=1 2022 
* 2683
* 1
+2 2

fn=(250) version_check_doit
696 3
+2 4
cfi=(74) ./elf/./elf/dl-version.c
cfn=(252) _dl_check_all_versions
calls=1 361 
* 3972
* 2
+4 2

fn=(64) dl_main
1320 2
205 1
311 1
1320 2
2818 1
1320 3
2829 1
1320 2
2698 1
1320 2
311 1
1320 3
207 1
310 1
205 1
+99 3
1332 1
cfi=(24) ./elf/../sysdeps/nptl/dl-tls_init_tp.c
cfn=(66) __tls_pre_init_tp
calls=1 53 
* 17
2677 3
+6 5
-4 1
+4 1
+2 3
cfi=(25) ./elf/./elf/dl-environ.c
cfn=(68) _dl_next_ld_env_entry
calls=1 28 
* 49
* 4
cfi=(25)
cfn=(68)
calls=2 28 
* 358
* 9
+4 6
-2 2
+2 6
+1 2
-1 6
+1 17
-1 89
+9 12
2845 4
+32 2
1348 1
+1 2
-1 2
+1 2
2774 3
+1 3
-56 2
+7 2
1627 9
cfi=(26) ./elf/./elf/dl-object.c
cfn=(70) _dl_new_object
calls=1 59 
* 230
* 1
+2 2
+1 1
+6 2
-6 1
+1 2
+1 3
+4 1
cfi=(26)
cfn=(82) _dl_add_to_namespace_list
calls=1 31 
* 36
+1 2
1140 1
1326 1
1169 1
-29 1
+11 1
+18 2
-21 1
+21 1
-19 1
-4 1
+23 1
-21 1
+21 2
+57 1
-83 1
+23 1
+4 1
+19 1
+22 1
+15 5
-56 116
1275 4
+2 1
1169 18
fi=(30) ./elf/../sysdeps/x86/dl-prop.h
105 2
fe=(2)
1282 22
+6 4
cfi=(31)
cfn=(88) _dl_process_pt_gnu_property
calls=1 868 
* 20
-7 26
+1 13
+6 13
-6 26
fi=(30)
212 4
+1 2
95 8
+10 2
212 1
105 1
-2 1
-3 1
+2 1
+3 1
-4 2
+92 4
-1 1
-87 3
+3 3
+1 2
+1 2
+4 3
+4 3
+3 3
+1 2
+4 1
+1 4
+58 3
+2 4
-56 4
+1 2
+3 4
+3 2
+1 8
+5 4
+2 4
+5 4
+14 2
-1 4
+2 2
fe=(2)
1174 1
-5 1
+5 2
-5 2
+30 1
-9 1
+27 1
-27 1
+2 1
-3 1
+10 2
-20 2
-10 1
+10 1
+1 9
-11 2
+57 4
-1 4
+1 8
-1 4
+2 8
+1 1
+2 12
+1 14
+4 8
+1 8
+1 4
+1 10
+1 1
+4 1
-74 1
+74 2
-74 2
+74 3
-74 3
+74 6
-74 6
fi=(30)
165 2
fe=(2)
1271 1
1169 1
1271 1
1169 2
1294 1
+3 2
+2 1
-5 2
+3 2
+2 2
+2 2
1662 3
+2 1
-1 1
+1 2
+1 2
-2 1
+2 1
-2 2
cfi=(32) ./string/../sysdeps/x86_64/strcmp.S
cfn=(90) strcmp
calls=1 108 
* 34
* 2
+7 1
+3 1
-5 1
+3 1
+2 1
+1 2
+4 2
+2 2
fi=(3)
39 3
+6 1
-2 1
+2 2
+9 1
+5 1
+3 1
+2 1
-3 1
-3 1
-3 17
+13 5
-23 20
+23 21
-23 84
+4 52
+5 24
+2 5
+16 3
+25 3
+5 2
+7 2
+1 3
+22 3
+5 2
+2 2
+2 2
+2 2
+1 1
+3 3
+2 3
+1 2
+9 2
+6 2
+1 2
+3 2
fe=(2)
1688 3
+7 2
cfi=(8)
cfn=(14)
calls=1 25 
* 29
+3 2
fi=(33) ./elf/./setup-vdso.h
24 2
fi=(35) ./elf/../sysdeps/unix/sysv/linux/dl-vdso-setup.h
+21 1
fe=(2)
1723 1
cfi=(13) ./elf/../sysdeps/unix/sysv/linux/dl-sysdep.c
cfn=(100) _dl_discover_osversion
calls=1 46 
* 90
* 8
fi=(37) ./elf/./dl-main.h
109 5
cfi=(31)
cfn=(106) _dl_init_paths
calls=1 706 
* 2926
fe=(2)
1731 3
cfi=(46) ./elf/./elf/dl-debug.c
cfn=(146) _dl_debug_initialize
calls=1 56 
* 30
+7 1
-7 1
+2 1
+5 1
+4 1
+3 1
-3 3
+1 2
+3 1
+5 1
-7 1
+7 1
+1 3
+12 2
+1 2
+5 1
-3 2
+2 1
+1 2
+5 3
+1 5
-1 2
233 1
-1 1
+1 3
+1 2
-2 1
+2 2
1793 2
+5 1
-1 1
+1 1
+24 1
cfi=(47) ./elf/../elf/dl-tls.c
cfn=(148) _dl_count_modids
calls=1 197 
* 6
* 1
fi=(48) ./elf/../sysdeps/generic/dl-debug.h
29 3
+1 2
fe=(2)
1828 2
+1 1
cfi=(46)
cfn=(152) _dl_debug_state
calls=1 116 
* 2
+1 1
+4 3
cfi=(49)
cfn=(154) _dl_audit_activity_map
calls=1 28 
* 16
+5 3
+2 1
+2 2
+9 2
+16 4
cfi=(65) ./io/../sysdeps/unix/sysv/linux/access.c
cfn=(208) access
calls=1 25 
* 9
* 2
+76 4
+16 3
85 1
1970 1
85 2
1970 2
85 1
1970 5
cfi=(66) ./elf/./elf/dl-deps.c
cfn=(210) _dl_map_object_deps
calls=1 159 
* 8306
92 1
1976 1
92 2
+9 2
1976 2
+1 5
-1 4
+1 6
-1 12
+4 4
+1 3
+1 1
+2 2
+1 4
-1 9
+1 9
+12 3
+1 2
+2 1
+2 3
+2 1
-4 1
+5 1
-1 2
+14 2
+1 2
+1 3
+11 2
+2 1
-2 1
+2 2
-2 1
+1 2
+1 1
-1 2
+1 1
cfi=(52)
cfn=(248) _dl_receive_error
calls=1 238 
* 4000
+10 2
+1 2
+3 2
862 1
fi=(228) ./elf/../sysdeps/unix/sysv/linux/dl-osinfo.h
64 2
fe=(2)
864 1
+6 1
+3 1
+7 1
-5 1
2052 3
2282 3
1778 2
+6 1
-6 2
+6 1
+2 3
fi=(30)
198 4
+2 1
+1 1
+2 1
-3 3
+3 1
fi=(3)
59 4
+3 4
+2 4
fi=(34) ./elf/../sysdeps/unix/sysv/linux/dl-vdso.h
-24 1
+1 2
fe=(2)
2331 1
1325 1
2342 1
-4 2
+10 1
-6 1
+6 1
+3 2
+8 1
fi=(30)
36 1
fe=(2)
2359 1
fi=(30)
37 3
+3 1
+13 6
-13 3
+9 6
-9 1
+9 20
+4 15
-16 12
+34 3
cfi=(76) ./elf/../sysdeps/x86/dl-cet.c
cfn=(268) _dl_cet_check
calls=1 252 
* 30
fe=(2)
2361 2
+54 3
+3 1
85 4
2422 1
+1 19
+2 8
+5 8
+2 8
+6 4
+2 12
+1 24
cfi=(77) ./elf/./elf/dl-reloc.c
cfn=(270) _dl_relocate_object
calls=3 194 
* 80397
+4 10
+1 2
-23 1
+23 1
cfi=(47)
cfn=(412) _dl_add_to_slotinfo
calls=1 1015 
* 28
-23 6
92 3
+1 1
2454 1
93 1
2454 1
+5 4
+2 1
+7 3
cfi=(47)
cfn=(416) _dl_allocate_tls_init
calls=1 528 
* 146
+3 2
fi=(3)
72 2
+10 3
+1 4
+1 4
+1 4
+2 4
+5 4
+1 4
+1 5
fi=(35)
-64 3
+3 1
+3 1
+3 1
fi=(34)
+16 2
fe=(2)
2434 1
+1 1
-3 2
+49 3
+2 4
+10 1
cfi=(130) ./elf/./elf/dl-find_object.c
cfn=(418) _dl_find_object_init
calls=1 561 
* 571
+5 2
cfi=(7)
cfn=(426) __rtld_malloc_init_real
calls=1 76 
* 2372
+3 1
cfi=(134) ./elf/../sysdeps/nptl/dl-mutex.c
cfn=(434) __rtld_mutex_init
calls=1 30 
* 415
85 1
2507 1
+1 3
85 3
2508 2
cfi=(77)
cfn=(270)
calls=1 194 
* 4806
92 3
+9 2
2516 3
cfi=(136) ./elf/./elf/dl-call-libc-early-init.c
cfn=(440) _dl_call_libc_early_init
calls=1 27 
* 1309
+7 1
cfi=(9)
cfn=(466) _dl_sysdep_start_cleanup
calls=1 262 
* 2
+4 3
cfi=(49)
cfn=(468) _dl_audit_activity_nsid
calls=1 40 
* 21
+5 2
cfi=(46)
cfn=(186) _dl_debug_update
calls=1 38 
* 7
+1 1
-1 1
+2 1
cfi=(46)
cfn=(152)
calls=1 116 
* 2
+1 1
+4 1
cfi=(68) ./elf/./elf/dl-cache.c
cfn=(470) _dl_unload_cache
calls=1 537 
* 18
+5 8
1741 4
1995 2
+50 2
cfn=(256) init_tls
calls=1 756 
* 784
* 2
2726 4
+2 2
+1 1
+46 2
+2 1
+1 1
-1 1
+1 1
+1 1
85 1
1847 1
85 2
1847 1
85 1
1847 2
cfn=(156)
calls=1 894 
* 3107
* 1
92 3
+9 3
1948 16
+1 1
-1 1
+4 3
+1 1
+1 2
+1 2
-7 2
fi=(30)
170 3
-39 2
fe=(2)

fn=(256)
756 3
+2 1
+4 1
-4 1
+4 2
+11 1
fi=(28) ./elf/../include/rtld-malloc.h
44 1
fe=(2)
768 1
+4 1
fi=(28)
44 1
cfi=(27) ./elf/./elf/dl-minimal-malloc.c
cfn=(72) __minimal_calloc
calls=1 +34 
* 36
fe=(2)
783 1
-12 1
+6 1
-9 1
+11 1
+4 1
+2 3
-1 2
+3 8
+4 1
+2 1
-2 2
-5 1
-1 2
+10 3
+3 2
cfi=(47)
cfn=(258) _dl_tls_static_surplus_init
calls=1 97 
* 79
+3 1
cfi=(47)
cfn=(260) _dl_determine_tlsoffset
calls=1 221 
* 76
+7 1
cfi=(47)
cfn=(262) _dl_allocate_tls_storage
calls=1 422 
* 442
* 1
+1 2
+6 1
+3 2
-3 1
+3 6
+3 1
cfi=(24)
cfn=(264) __tls_init_tp
calls=1 68 
* 75
+1 1
+3 5
-39 3
-1 7

fl=(15) ./elf/../sysdeps/x86/dl-get-cpu-features.c
fn=(32) _dl_x86_init_cpu_features
37 1
+2 3
+2 1
cfi=(16) ./elf/../sysdeps/x86/cpu-features.c
cfn=(34) init_cpu_features.constprop.0
calls=1 399 
* 7206

fn=(438) __x86_cpu_features
71 1
-32 3
+32 2

fl=(29)
fn=(128) mempcpy
199 32
+1 32
+1 32
+1 32
+17 32
+1 32
+2 6
+1 6
+1 6
+2 5
+1 5
+1 5
+2 5
360 26
+1 26
+2 8
+4 8
+1 3
+1 3
+1 2
+1 2
+1 2
+1 2
+2 2
+2 3
+6 5
+1 5
+1 5
+1 5
+1 5
+29 18
+1 18
+1 18
+1 18
+1 18
+7 1
+1 1
+1 1
+1 1
+1 1
+1 1
+1 1
+11 1
+1 1
+2 1
+1 1
+1 1

fn=(80)
212 17
+1 17
+6 17
+1 17
+2 10
+1 10
+1 10
+2 7
+1 7
+1 7
+2 7
360 7
+1 7
+2 1
+4 1
+1 1
+1 1
+1 1
+1 1
+4 1
+2 1
+39 6
+1 6
+1 6
+1 6
+1 6
+7 3
+1 3
+1 3
+1 3
+1 3
+1 3
+1 3
+11 3
+1 3
+2 3
+1 3
+1 3

fl=(32)
fn=(90)
108 180
+33 180
+1 180
+2 180
+1 180
+21 180
+1 180
+1 156
+1 156
+1 126
+1 126
+1 126
+1 126
+21 126
+1 126
+1 126
+1 126
+1 126
+1 126
+1 126
+5 5
+1 15
+9 5
+1 5
+1 5
+1 5
+1 5
+1 5
+1 5
+1 5
-7 54
+1 54
+1 54
+1 54
+1 54
+1 54
+1 54
+1 54
+1 53
+1 29
+1 29
+1 29
+2 29
+1 29
+1 29
+1 29
+1 29
+1 29
-5 24
+1 24
+1 24
+1 24
+1 24
+1 24
+10 6
+1 6
+1 6
+2 6
+6 6
+1 6
+1 6
+1 6
+1 6
+5 6
+2 5
+1 5
+1 10
+8 5
+1 5
+3 5
+1 5
+1 5
+1 5
+1 5
+1 5
818 1
+1 1
+1 1
+1 1
+1 1
+2 1
+1 1
+1 1
+1 1
+1 1
+1 1
+1 1
+1 1
+4 1
+1 1
+1 1
+6 1
+1 1
+1 2
+4 1
+1 1
+3 1
+1 1
+1 1
+3 1
+1 1
+1 1
+6 1
+1 1
+1 1
+1 1
+1 1
+1 1
+72 2
+1 2
+1 2
+1 2
+1 2
+2 2
+1 2
+1 2
+1 2
+1 2
+1 2
+1 2
+1 2
+4 2
+1 2
+1 2
+6 2
+1 2
+1 4
+4 2
+1 2
+3 2
+1 2
+1 2
+3 2
+1 2
+1 2
+6 2
+1 2
+1 2
+1 2
+1 2
+1 2
+72 5
+1 5
+1 5
+1 5
+1 5
+2 5
+1 5
+1 5
+1 5
+1 5
+1 5
+1 5
+1 1
+4 1
+1 1
+1 1
+6 1
+1 1
+1 2
+4 1
+1 1
+3 1
+1 1
+1 1
+3 1
+1 1
+1 1
+6 1
+1 1
+1 1
+1 1
+1 1
+1 1
+7 1
+1 1
+2 1
+1 1
+2 1
+1 1
+1 1
+3 1
+1 1
+1 1
+6 1
+1 1
+1 1
+1 1
+1 1
+1 1
+41 4
+1 4
+1 4
+1 4
+1 4
+2 4
+1 4
+1 4
+1 4
+1 4
+1 4
+1 4
+1 1
+4 1
+1 1
+1 1
+6 1
+1 1
+1 2
+4 1
+1 1
+3 1
+1 1
+1 1
+3 1
+1 1
+1 1
+6 1
+1 1
+1 1
+1 1
+1 1
+1 1
+72 2
+1 2
+1 2
+1 2
+1 2
+2 2
+1 2
+1 2
+1 2
+1 2
+1 2
+1 2
+1 2
+4 2
+1 2
+1 2
+6 2
+1 2
+1 4
+4 2
+1 2
+3 2
+1 2
+1 2
+3 2
+1 2
+1 2
+6 2
+1 2
+1 2
+1 2
+1 2
+1 2
+72 13
+1 13
+1 13
+1 13
+1 13
+2 13
+1 13
+1 13
+1 13
+1 13
+1 13
+1 13
+1 3
+4 3
+1 3
+1 3
+6 3
+1 3
+1 6
+4 3
+1 3
+3 3
+1 3
+1 3
+3 3
+1 3
+1 3
+6 3
+1 3
+1 3
+1 3
+1 3
+1 3
1693 3
+1 3
+1 3
+1 3
+1 3
+2 3
+1 3
+1 3
+1 3
+1 3
+1 3
+1 3
+1 2
+4 2
+1 2
+1 2
+6 2
+1 2
+1 4
+4 2
+1 2
+3 2
+1 2
+1 2
+3 2
+1 2
+1 2
+6 2
+1 2
+1 2
+1 2
+1 2
+1 2
+72 2
+1 2
+1 2
+1 2
+1 2
+2 2
+1 2
+1 2
+1 2
+1 2
+1 2
+1 2
+1 1
+4 1
+1 1
+1 1
+6 1
+1 1
+1 2
+4 1
+1 1
+3 1
+1 1
+1 1
+3 1
+1 1
+1 1
+6 1
+1 1
+1 1
+1 1
+1 1
+1 1
+72 4
+1 4
+1 4
+1 4
+1 4
+2 4
+1 4
+1 4
+1 4
+1 4
+1 4
+1 4
+1 1
+4 1
+1 1
+1 1
+6 1
+1 1
+1 2
+4 1
+1 1
+3 1
+1 1
+1 1
+3 1
+1 1
+1 1
+6 1
+1 1
+1 1
+1 1
+1 1
+1 1
+72 17
+1 17
+1 17
+1 17
+1 17
+2 17
+1 17
+1 17
+1 17
+1 17
+1 17
+1 17
+2 7
+4 7
+1 7
+1 7
+6 7
+1 7
+2 14
+4 7
+1 7
+3 7
+1 7
+1 7
+3 7
+1 7
+1 7
+6 7
+1 7
+1 7
+1 7
+1 7
+1 7
+74 26
+2 26
+1 26
+1 26
+1 26
-3 33
+1 33
+1 33
+1 33
+1 58
+5 29
+6 29
+1 29
+8 29
+1 29
-16 151
+6 151
+1 151
+8 151
+1 151

fl=(128) ./misc/../sysdeps/unix/syscall-template.S
fn=(472) munmap
117 5
+5 1

fn=(410) mprotect
117 20
+5 4

fl=(145) ./elf/./elf/dl-init.c
fn=(476) _dl_init
77 12
+1 1
+1 1
+3 3
+8 2
+25 1
+1 5
+1 2
-86 4
+86 6
-86 12
+2 20
cfn=(478) call_init.part.0
calls=3 -7 
* 193
+83 12
+7 8
-92 4
+2 6
cfn=(478)
calls=1 -7 
* 61
+52 2

fn=(478)
26 32
+13 4
-13 4
+16 4
-3 8
+3 8
+5 6
+8 9
+1 6
cob=(2)
cfi=(51)
cfn=(480)
calls=1 -56 
* 26
+3 3
+1 6
+6 2
+2 2
-2 1
+3 7
+1 4
cob=(3)
cfi=(150)
cfn=(506)
calls=1 +13 
* 12
* 4
cob=(3)
cfi=(147)
cfn=(498)
calls=1 -24 
* 74
-1 6
+3 24
-29 2

fl=(8)
fn=(14)
25 4
+3 4
-3 4
+3 8
+3 12
+1 8
+2 4
-1 4
+3 12
+1 4
+4 4
-3 4
+7 4
-4 4
-3 4
+2 8
+5 4
-5 4
-2 4
+7 4
-5 4
+10 4

fl=(56) ./io/../sysdeps/unix/sysv/linux/read_nocancel.c
fn=(180) __read_nocancel
25 2
+1 8
+1 2

fl=(47)
fn=(262)
422 2
+13 1
-13 2
+2 1
+12 1
fi=(28)
56 1
cfi=(27)
cfn=(76) __minimal_malloc
calls=1 -21 
* 53
fe=(47)
437 3
+8 2
fi=(28)
44 1
fe=(47)
445 2
+1 1
+4 321
+19 1
-99 1
+4 1
+1 1
fi=(28)
44 1
cfi=(27)
cfn=(72)
calls=1 +34 
* 36
fe=(47)
376 2
+3 1
+6 2
+90 5

fn=(412)
1015 8
+6 1
+3 1
+1 1
+4 3
+34 2
+3 3
+1 3
+3 6

fn=(416)
528 10
+1 2
+4 1
+6 1
-6 1
+6 1
cfi=(24)
cfn=(84) rtld_mutex_dummy
calls=1 42 
* 3
+3 3
+12 1
-18 1
-1 1
+43 3
-19 13
+9 3
+1 2
+6 3
+1 1
+2 2
-2 1
+6 1
-4 2
+4 1
-4 2
+3 2
+4 2
+1 4
+2 2
+1 2
+17 1
-8 1
+8 1
+2 3
cfi=(29)
cfn=(128)
calls=1 199 
* 13
* 5
cfi=(44) ./string/../sysdeps/x86_64/multiarch/memset-vec-unaligned-erms.S
cfn=(132) memset
calls=1 125 
* 25
-49 1
+55 1
-55 4
+6 4
+55 2
cfi=(24)
cfn=(84)
calls=1 42 
* 3
+3 2
+3 9

fn=(148)
197 1
+2 2
+1 1
+15 2

fn=(236) _dl_assign_tls_modid
131 2
+3 1
+13 1
-13 1
+52 1
+2 1
+3 1
+1 2

fn=(260)
221 8
+6 3
+3 2
+36 3
+2 1
-2 1
-2 1
-40 1
-1 1
-1 1
+46 2
+23 3
+3 1
-3 4
+2 2
-2 1
-25 1
+20 1
-20 5
+2 2
+3 1
-1 1
+5 2
-5 1
+1 1
-1 1
+3 2
+2 3
+32 3
-1 1
+1 4
+2 2
-2 2
+53 8

fn=(258)
97 2
+4 1
-4 2
+4 1
-4 2
+4 3
cfi=(10)
cfn=(24)
calls=1 402 
* 21
* 1
+1 4
cfi=(10)
cfn=(24)
calls=1 402 
* 21
* 1
+8 1
-8 1
+6 2
+2 3
+3 1
+2 1
-32 3
+34 3
+1 5

fl=(58) ./io/../sysdeps/unix/sysv/linux/fstat64.c
fn=(190) fstat
29 6
+1 6
+5 9
cfi=(59) ./io/../sysdeps/unix/sysv/linux/fstatat64.c
cfn=(192) fstatat
calls=3 153 
* 24

fl=(31)
fn=(172)
2022 30
+8 6
+1 12
+3 42
+5 49
+2 21
cfi=(54) ./elf/./elf/dl-misc.c
cfn=(174) _dl_name_match_p
calls=7 68 
* 935
* 14
+4 12
+1 18
+4 2
-1 10
+1 2
+1 2
-1 2
+1 2
cfi=(32)
cfn=(90)
calls=2 108 
* 86
* 4
2329 27
2068 2
+1 2
-1 2
+1 2
-1 2
+1 2
-1 4
-44 2
+53 6
+17 4
-2 2
+2 2
cfi=(42) ./string/../sysdeps/x86_64/multiarch/../strchr.S
cfn=(118) index
calls=2 23 
* 48
* 4
2260 2
-1 3
cfn=(138) expand_dynamic_string_token
calls=1 385 
* 168
+2 1
-3 1
+1 1
+2 2
+4 5
cfn=(176) open_verify.constprop.1
calls=1 1568 
* 283
+3 2
-3 1
+3 1
+12 4
+46 1
+1 3
-1 1
+1 9
cfn=(184) _dl_map_object_from_fd
calls=1 944 
* 1819
-1 1
+1 3
-1 1
+1 9
cfn=(184)
calls=1 944 
* 2200
* 6
2098 2
cfi=(22) ./string/../sysdeps/x86_64/multiarch/strlen-vec.S
cfn=(60) strlen
calls=1 41 
* 17
* 2
+2 2
+7 4
+51 11
cfn=(216) open_path
calls=1 1870 
* 1656
+6 1
-6 1
+6 4
682 1
2165 1
682 2
2252 2
+28 4
+2 4
2111 1
696 3
2111 1
+1 1
696 2
2116 3
682 1
2117 1
682 2
2173 1
+14 2
+2 3
+4 2
cfi=(68)
cfn=(222) _dl_load_cache_lookup
calls=1 416 
* 1260
* 1
+2 2
+4 2
+8 3
+23 6
cfn=(218) open_verify.constprop.0
calls=1 1568 
* 396
+4 2
-4 1
+4 1
+1 2
2131 5
+1 10
682 1
2133 1
682 2
2157 3
+1 2
-16 2

fn=(138)
385 14
241 2
385 2
241 2
385 2
241 2
cfi=(42)
cfn=(118)
calls=2 23 
* 72
+3 4
410 2
-11 2
+11 12
-11 2
cfi=(45) ./string/./string/strdup.c
cfn=(140) strdup
calls=2 40 
* 168

fn=(134) fillin_rpath.isra.0
468 7
+4 1
-4 8
+6 3
cfi=(7)
cfn=(136) strsep
calls=1 239 
* 240
* 3
cfi=(7)
cfn=(136)
calls=1 239 
* 8
* 6
+7 2
+2 3
cfn=(138)
calls=1 -98 
* 118
* 1
+4 2
+5 2
cfi=(22)
cfn=(60)
calls=1 41 
* 17
* 1
+1 2
+7 5
+9 15
+1 8
+55 2
fi=(28)
50 2
cfi=(27)
cfn=(144) __minimal_free
calls=1 +45 
* 5
+1 1
fe=(31)
528 2
+4 3
fi=(28)
56 1
cfi=(27)
cfn=(76)
calls=1 -21 
* 25
* 1
fe=(31)
534 2
+5 1
+1 2
-1 1
-1 1
+2 1
cfi=(29)
cfn=(128)
calls=1 199 
* 13
+3 1
-3 1
+1 1
+2 1
+6 1
+1 1
-1 3
+1 11
+1 1
-1 1
+1 2
-1 2
+1 1
-1 1
+1 2
-1 6
+1 1
-1 1
+1 1
-1 3
+1 1
-1 2
+3 1
+1 1
-1 1
+1 2
+1 1
+6 2
+1 2
-57 4
+66 1
+3 8
-46 4

fn=(216)
1870 8
+1 1
-1 6
+1 1
+6 2
+5 16
-7 2
+7 1
-8 1
+8 2
+3 2
+9 6
+7 3
+1 1
-1 1
cfi=(29)
cfn=(128)
calls=1 199 
* 13
-12 1
+12 1
+59 5
-58 4
+3 20
+5 80
cfi=(29)
cfn=(128)
calls=10 199 
* 134
* 40
cfi=(29)
cfn=(128)
calls=10 199 
* 130
+3 20
+6 30
+3 60
cfn=(218)
calls=10 1568 
* 540
* 10
+2 30
+2 20
+65 8
+7 2
-2 2
+2 2
+3 3
-13 1
+27 9
1902 58
+29 20
+1 70
+6 20
+2 10
-2 10
+2 20
cfi=(67) ./io/../sysdeps/unix/sysv/linux/stat64.c
cfn=(220) stat
calls=10 28 
* 158
* 10
+3 10
-3 20
+1 1
+2 2
-2 1
+2 26
-61 2

fn=(218)
1568 121
+39 33
+19 44
cfi=(55) ./io/../sysdeps/unix/sysv/linux/open64_nocancel.c
cfn=(178) __open_nocancel
calls=11 28 
* 239
* 11
+2 22
+11 1
+6 2
-5 1
+5 8
cfi=(56)
cfn=(180)
calls=1 25 
* 6
+2 2
+2 2
+2 2
+6 2
+17 11
fi=(28)
50 2
cfi=(27)
cfn=(144)
calls=1 +45 
* 5
fe=(31)
1856 99
1674 3
+74 2
+5 2
+2 4
+6 2
+6 1
+1 1
-1 3
+1 1
-1 1
+1 2
+21 3
+31 1
-31 1
1633 1
1820 2
-31 48
+1 24
+1 8
+4 8
+6 4
+1 28
+10 12
cfi=(71) ./io/../sysdeps/unix/sysv/linux/pread64_nocancel.c
cfn=(232) __pread64_nocancel
calls=2 25 
* 14
* 16
+8 18
+15 2
+6 1
-3 1
+1 1
+1 1
+1 2
-3 1
+1 1
+1 1
+2 1
-3 3
-1 1
+4 2
-19 18
+3 2
-4 2
+4 4
+5 1
+1 4
-60 13
+1 3
-1 1
+1 3
cfi=(71)
cfn=(232)
calls=1 25 
* 7
* 3
+16 5
1612 20
+62 3
1802 4
-30 2

fn=(106)
706 11
+14 1
-14 2
+14 2
cfi=(38) ./elf/./elf/dl-hwcaps.c
cfn=(108) _dl_important_hwcaps
calls=1 175 
* 1847
fi=(28)
56 1
fe=(31)
720 1
fi=(28)
56 1
cfi=(27)
cfn=(76)
calls=1 -21 
* 25
fe=(31)
725 1
+2 2
+7 2
+1 2
-1 3
+5 3
fi=(28)
56 1
cfi=(27)
cfn=(76)
calls=1 -21 
* 25
fe=(31)
739 1
+2 4
+17 1
-10 1
+19 1
-11 1
-9 1
+9 1
+12 2
-10 1
+3 2
+9 1
-7 1
+4 1
+3 2
-3 1
-8 1
+3 1
+8 1
-3 1
+1 16
cfi=(44)
cfn=(132)
calls=4 125 
* 72
+2 18
-14 3
+10 3
+4 3
-12 3
-2 3
+2 3
+4 3
-3 3
+3 3
+1 3
-2 3
+5 6
+1 3
-4 3
+4 3
+15 1
+3 1
-15 1
+7 1
-1 1
+9 2
+2 4
+2 3
+36 5
+2 2
cfi=(22)
cfn=(60)
calls=1 41 
* 17
* 9
-19 1
-2 1
+2 2
+19 9
cfi=(29)
cfn=(80)
calls=1 212 
* 11
* 1
+5 4
-1 2
+2 1
+1 2
-2 4
+1 13
+1 26
-2 52
+5 1
fi=(28)
56 1
cfi=(27)
cfn=(76)
calls=1 -21 
* 25
fe=(31)
836 1
fi=(28)
56 1
fe=(31)
838 2
+6 6
cfn=(134)
calls=1 468 
* 587
+3 3
+6 1
+4 8
-35 2
+5 2

fn=(88)
868 3
+8 3
-8 3
+8 3
-6 3
+12 6
-13 3
+13 3
-13 3
+13 6
+3 9
+1 6
+1 6
+43 3

fn=(176)
1568 11
+39 3
+19 4
cfi=(55)
cfn=(178)
calls=1 28 
* 19
* 1
+2 2
+11 1
+6 2
-5 1
+5 8
cfi=(56)
cfn=(180)
calls=1 25 
* 6
+2 2
+2 2
+2 2
+6 2
+17 11
fi=(28)
50 2
cfi=(27)
cfn=(144)
calls=1 +45 
* 5
fe=(31)
1856 9
1674 3
+74 2
+5 2
+2 4
+6 2
+6 1
+1 1
-1 3
+1 1
-1 1
+1 2
+1 2
+20 3
+31 1
-31 1
1633 1
1820 2
-31 66
+1 28
+1 8
+4 8
+25 12
+3 18
+3 2
-4 2
+4 4
+6 4
-36 6

fn=(184)
944 20
+10 2
-10 8
+10 2
cfi=(46)
cfn=(186)
calls=2 38 
* 14
* 2
+7 8
+85 8
+10 4
+7 14
cfi=(26)
cfn=(70)
calls=2 59 
* 766
* 2
+1 4
+11 4
+5 2
-5 2
+1 4
+1 2
+2 2
-2 2
+2 4
+1 6
+1 2
+19 2
-2 1
+2 12
-2 1
+2 30
+10 8
+85 2
-58 2
-34 2
-1 2
+93 2
+6 2
-64 4
+9 2
+55 4
-55 2
-42 2
+97 4
1101 2
-5 4
+15 60
+20 2
+1 1
-22 69
+1 127
1213 4
1110 2
1213 4
1110 6
1218 6
+10 4
+1 2
-1 2
+1 2
-1 6
+1 6
-1 6
+1 6
-1 18
1076 4
1235 4
+10 8
+7 4
fi=(61) ./elf/./dl-map-segments.h
96 2
fe=(31)
1252 6
fi=(61)
28 2
fe=(31)
1252 2
fi=(61)
96 2
fe=(31)
1252 2
fi=(61)
28 4
+1 16
cfi=(60) ./misc/../sysdeps/unix/sysv/linux/mmap64.c
cfn=(194) mmap
calls=2 +18 
* 18
+74 4
-1 2
-73 2
+74 2
+3 4
+1 2
+2 2
-3 2
+1 2
+2 2
+17 2
+2 2
fi=(62) ./elf/./dl-load.h
-37 16
+1 6
+2 16
fi=(61)
+56 32
+8 2
-2 2
+1 2
+2 2
-1 2
+1 2
-1 6
+8 4
+3 4
+8 14
cfi=(44)
cfn=(132)
calls=2 -52 
* 237
+1 4
+5 4
+12 8
-59 40
+2 12
+3 6
-3 12
+2 48
cfi=(60)
cfn=(194)
calls=6 -93 
* 54
* 18
fi=(57) ./elf/../sysdeps/posix/dl-fileid.h
37 6
cfi=(58)
cfn=(190)
calls=2 -8 
* 30
* 4
fe=(31)
999 4
fi=(57)
40 6
fe=(31)
999 2
fi=(57)
40 2
fe=(31)
999 23
+1 10
fi=(57)
49 12
fe=(31)
1515 18
1018 4
+66 13
+1 2
-1 1
+1 1
-1 1
+1 1
cfi=(71)
cfn=(232)
calls=1 25 
* 7
* 2
+26 26
+26 48
+10 8
-1 8
-1 8
+2 8
+2 8
-2 8
-1 48
+2 16
+1 8
+2 8
-3 8
+3 48
+2 16
+4 16
+1 30
+4 6
+1 6
-1 6
+1 42
-18 6
+28 6
-11 2
+1 2
-1 2
+1 14
-18 2
+28 2
-56 4
+7 2
+2 2
-2 2
+1 2
+1 2
-1 4
+1 16
+50 3
+5 1
-1 2
+5 1
-5 2
-56 1
+61 4
+1 1
+3 1
-3 1
+8 4
+15 4
+1 2
+58 8
+1 6
fi=(63) ./elf/./elf/get-dynamic-info.h
39 4
+6 2
-2 2
+2 4
+9 2
+5 2
+3 2
+2 2
-3 2
-3 2
-3 28
+13 8
-23 32
+23 29
-23 116
+4 74
+5 40
+2 10
+3 8
+13 8
+10 7
+1 8
+1 8
+1 8
+2 8
+5 7
+1 7
+1 8
+3 6
+5 2
+7 4
+1 6
+22 6
+5 2
+2 2
+2 2
+2 2
+4 6
+2 3
+1 2
+9 2
+6 2
+4 4
fe=(31)
1275 4
+1 4
+2 4
+10 6
+19 6
+2 10
+52 6
+1 2
+6 16
+1 42
+6 8
cfn=(88)
calls=2 868 
* 40
-7 54
+1 25
+6 25
-6 50
fi=(30)
95 16
213 2
-1 4
105 4
212 2
105 2
-2 2
-3 2
+2 2
+3 2
-4 4
+92 8
-1 2
-87 6
+3 6
+1 4
+1 4
+4 6
+4 6
+3 6
+1 4
+4 2
+1 8
+58 6
+2 8
-56 6
+1 3
+3 6
+3 3
+1 12
+5 6
+2 6
+5 6
+14 3
-1 6
+2 2
-1 4
fe=(31)
1380 4
cfi=(64) ./io/../sysdeps/unix/sysv/linux/close_nocancel.c
cfn=(204) __GI___close_nocancel
calls=2 25 
* 12
* 4
+13 4
+2 8
+2 4
+16 4
cfi=(8)
cfn=(14)
calls=2 25 
* 58
+4 4
+1 4
+17 4
+1 1
+3 1
+5 1
-5 1
+5 1
-5 1
+5 1
-5 1
+5 1
+10 4
+7 12
+10 4
+1 4
+5 2
cfi=(47)
cfn=(236)
calls=1 131 
* 10
+7 6
cfi=(26)
cfn=(82)
calls=2 31 
* 94
+3 8
+23 14
+1 6
cfi=(49)
cfn=(206) _dl_audit_objopen
calls=2 76 
* 10
* 2
fi=(62)
95 5
+2 1
-1 2
+1 1
-1 1
+1 1
-1 1
+1 1
-1 2
+3 4
fe=(31)
1506 10
fi=(30)
198 8
+2 2
+1 2
+2 2
-3 6
fe=(31)
1368 6
fi=(63)
62 8
+2 8
fe=(31)
1084 2
fi=(61)
187 8
cfi=(60)
cfn=(194)
calls=1 47 
* 9
+3 2
fe=(31)
1462 6
+2 1
-1 5
+1 1
-1 1
+1 1
-1 1
cfi=(32)
cfn=(90)
calls=1 108 
* 25
* 2
+2 5
1275 2
fi=(57)
49 3
fi=(30)
170 3
-39 2
fe=(31)

fn=(212) _dl_dst_count
238 4
+3 2
-3 4
+7 2
-7 4
+3 2
cfi=(42)
cfn=(118)
calls=2 23 
* 72
+3 4
+20 14

fl=(71)
fn=(232)
25 8
+1 16
+1 4

fl=(41) ./elf/./elf/dl-hwcaps_split.c
fn=(116) _dl_hwcaps_split_masked
51 55
-25 42
+4 24
+4 48
+1 12
-1 24
+2 24
+5 27
cfi=(42)
cfn=(118)
calls=9 -18 
* 216
+1 18
+3 6
+11 12
+1 12
+1 6
-1 6
+1 6
-2 6
+1 6
+1 3
-1 3
+1 27
cfn=(120) _dl_hwcaps_contains
calls=6 +8 
* 30
* 12
-3 5
+7 44
-19 6
cfi=(22)
cfn=(60)
calls=3 -2 
* 51
* 3

fn=(122) _dl_hwcaps_split
25 4
+1 3
+21 1
-20 1
+20 3

fn=(120)
66 6
+1 12
+1 6
+9 6

fl=(55)
fn=(178)
28 13
+3 13
-3 39
+3 78
+8 91
+2 3
-2 30
+2 10

fl=(134)
fn=(434)
30 2
+10 3
-10 1
+10 2
-10 1
+7 1
+3 2
cfi=(135) ./elf/./elf/dl-lookup-direct.c
cfn=(436) _dl_lookup_direct
calls=1 +34 
* 175
+4 2
+1 8
+2 3
-2 1
+2 3
cfi=(135)
cfn=(436)
calls=1 +27 
* 198
+4 2
+1 6
+1 2
-1 1
+1 2

fl=(77)
fn=(270)
194 8
+14 4
-14 36
+16 4
-16 8
+14 4
+2 8
+3 4
-1 4
+1 8
+19 8
+6 20
-34 6
+38 6
+7 12
fi=(6)
71 10
+6 4
+4 3
+14 1
-8 1
+8 2
+20 2
+4 5
-2 2
fe=(77)
288 160
-83 1
fi=(6)
474 4
fe=(77)
205 2
+83 2
fi=(5)
49 1
fe=(77)
288 1
fi=(5)
60 1
-11 2
+11 2
fe=(77)
288 3
-83 3
fi=(6)
474 12
fe=(77)
205 6
+83 6
fi=(5)
49 3
fe=(77)
288 3
fi=(5)
60 3
-11 6
+11 6
fe=(77)
288 8
fi=(5)
49 4
fe=(77)
288 4
fi=(5)
60 4
-11 8
+11 8
-7 1
-1 1
+11 8
fi=(6)
545 28
+4 28
+3 42
+1 14
fi=(5)
63 42
+2 216
+2 120
-4 120
+13 6
+1 8
+1 80
fi=(6)
545 40
+34 80
+2 40
cob=(3)
cfi=(127)
cfn=(406)
calls=1 31 
* 23
cob=(3)
cfi=(126)
cfn=(404)
calls=1 31 
* 7
cob=(3)
cfi=(125)
cfn=(400)
calls=1 33 
* 22
cob=(3)
cfi=(124)
cfn=(398)
calls=1 29 
* 7
cob=(3)
cfi=(122)
cfn=(394)
calls=1 29 
* 23
cob=(3)
cfi=(121)
cfn=(390)
calls=1 33 
* 17
cob=(3)
cfi=(119)
cfn=(386)
calls=1 29 
* 22
cob=(3)
cfi=(118)
cfn=(382)
calls=1 29 
* 17
cob=(3)
cfi=(117)
cfn=(378)
calls=1 29 
* 21
cob=(3)
cfi=(116)
cfn=(376)
calls=1 31 
* 7
cob=(3)
cfi=(115)
cfn=(372)
calls=1 29 
* 17
cob=(3)
cfi=(114)
cfn=(368)
calls=1 31 
* 21
cob=(3)
cfi=(113)
cfn=(364)
calls=1 29 
* 21
cob=(3)
cfi=(111)
cfn=(360)
calls=2 31 
* 38
cob=(3)
cfi=(109)
cfn=(356)
calls=1 29 
* 22
cob=(3)
cfi=(108)
cfn=(354)
calls=1 31 
* 7
cob=(3)
cfi=(107)
cfn=(350)
calls=1 29 
* 17
cob=(3)
cfi=(106)
cfn=(348)
calls=1 43 
* 7
cob=(3)
cfi=(105)
cfn=(346)
calls=1 29 
* 7
cob=(3)
cfi=(104)
cfn=(344)
calls=1 31 
* 7
cob=(3)
cfi=(103)
cfn=(342)
calls=1 66 
* 17
cob=(3)
cfi=(101)
cfn=(338)
calls=2 31 
* 46
cob=(3)
cfi=(99)
cfn=(334)
calls=1 31 
* 17
cob=(3)
cfi=(98)
cfn=(330)
calls=1 30 
* 21
cob=(3)
cfi=(97)
cfn=(326)
calls=2 29 
* 44
cob=(3)
cfi=(96)
cfn=(322)
calls=1 28 
* 21
cob=(3)
cfi=(95)
cfn=(320)
calls=1 61 
* 19
cob=(3)
cfi=(93)
cfn=(316)
calls=2 31 
* 42
cob=(3)
cfi=(91)
cfn=(312)
calls=1 29 
* 22
cob=(3)
cfi=(90)
cfn=(308)
calls=1 29 
* 19
cob=(3)
cfi=(88)
cfn=(304)
calls=1 29 
* 24
cob=(3)
cfi=(86)
cfn=(300)
calls=1 29 
* 19
cob=(3)
cfi=(85)
cfn=(298)
calls=1 65 
* 17
cob=(3)
cfi=(84)
cfn=(296)
calls=1 29 
* 7
cob=(3)
cfi=(82)
cfn=(292)
calls=2 31 
* 42
-36 40
+37 40
fi=(5)
77 121
fe=(77)
288 32
+3 24
+24 4
+3 8
+17 12
+2 32
-98 8
+3 2
+7 4
-9 2
fi=(5)
86 14
+2 14
+12 7
-14 28
+14 14
+10 10
+3 13
+1 3
fi=(6)
529 3
fi=(5)
114 3
fi=(6)
529 6
fi=(5)
114 1198
fi=(6)
529 1198
fi=(5)
114 1198
fi=(6)
529 2396
+5 2402
+1 1201
fi=(5)
113 1201
fi=(6)
535 1201
-5 1201
fi=(5)
113 2402
+7 28
+4 20
+2 10
-73 3
fi=(6)
484 3
fi=(5)
52 3
fi=(6)
484 6
fi=(5)
128 6
+1 3
+1 3
-2 3
+2 3
+3 3
-5 3
+2 3
-2 3
+1 6
+2 3
-2 3
+2 9
+2 6
-5 218
+1 109
+1 109
-2 109
+2 109
+3 109
-5 109
+2 109
-2 109
+1 218
+2 109
-2 109
+2 327
+2 218
+9 110
fi=(6)
262 220
+21 220
+4 220
+7 440
fi=(4)
138 282
fi=(6)
294 3617
cfi=(78) ./elf/./elf/dl-lookup.c
cfn=(278) _dl_lookup_symbol_x
calls=91 840 
* 51625
* 819
+2 282
+30 652
450 276
fi=(5)
145 310
-19 336
+32 15
+1 6
fi=(6)
294 2
+22 2
-22 4
fi=(5)
160 6
+3 2
+4 2
-4 2
+4 4
-2 2
-2 2
+2 2
+1 2
-1 4
fi=(6)
294 8
508 2
-1 4
+1 4
+1 2
cfi=(15)
cfn=(438)
calls=1 71 
* 6
cob=(3)
cfi=(80)
cfn=(288)
calls=1 86 
* 28
+1 2
fi=(5)
159 2
fi=(6)
510 2
fi=(5)
159 8
-14 3
+1 48
fi=(6)
490 3
+5 2
-1 3
+1 2
-1 1
cfi=(29)
cfn=(80)
calls=1 212 
* 11
+2 4
+1 1
-75 51
+4 68
+5 17
+9 17
-9 34
+9 17
fi=(5)
145 66
fi=(6)
296 155
+3 107
-3 107
+3 214
+2 20
+3 8
+1 12
+11 8
+7 4
cob=(3)
cfi=(129)
cfn=(414)
calls=1 44 
* 7
cob=(3)
cfi=(97)
cfn=(326)
calls=1 29 
* 22
cob=(3)
cfi=(88)
cfn=(304)
calls=1 29 
* 24
cob=(3)
cfi=(118)
cfn=(382)
calls=1 29 
* 17
* 12
+3 8
fi=(5)
135 10
+3 2
fi=(6)
296 91
+3 91
-3 198
+3 4
fi=(5)
50 8
fe=(77)
308 14
fi=(6)
-14 29
fe=(77)
+49 20
+3 4
-3 4
+3 4
+4 8
+1 16
cfi=(128)
cfn=(410)
calls=4 117 
* 24
* 8
-63 6
fi=(5)
53 2
175 7
+2 2
+1 2
-1 1
+3 1
-3 4
+3 2
-3 10
+1 10
-1 5
+3 5
-3 20
+3 10
+8 6
fi=(6)
+74 12
+21 12
+4 12
+7 24
fi=(4)
138 18
fi=(6)
294 204
cfi=(78)
cfn=(278)
calls=6 840 
* 3251
* 54
+2 18
+30 36
450 12
fi=(5)
191 18
-16 18
+30 4
fi=(6)
+91 2
+3 2
-3 2
+3 4
-3 2
+3 2
-3 4
fe=(77)

fl=(49)
fn=(532)
117 1
+1 4

fn=(468)
40 6
+4 3
-4 3
+4 3
-4 3
+4 3
-4 6
+4 3
+1 3
+1 12
+4 18

fn=(816) _dl_audit_objclose
96 4
+1 16

fn=(206)
76 2
+1 8

fn=(154)
28 6
+2 1
-1 1
+1 2
+6 6

fl=(9)
fn=(466)
262 1
+1 1

fn=(16)
85 4
+25 1
-25 6
+25 1
-1 1
+1 186
+11 1
-8 1
+1 1
-4 1
+3 1
+6 1
+2 13
-34 1
-1 1
+36 113
+3 1
+1 1
-5 85
+57 1
-57 1
+58 1
-1 1
-57 3
+29 1
-29 1
+30 1
-1 1
-29 3
+41 1
-41 1
+42 1
-1 1
-41 3
+35 1
-35 1
+36 1
-1 1
-35 3
+32 1
-32 1
+33 1
-1 1
-32 4
+13 1
-13 1
+14 1
-1 1
-13 3
+10 1
-10 1
+11 1
-1 1
-10 3
+7 1
-7 4
224 1
cfi=(10)
cfn=(18) __GI___tunables_init
calls=1 +55 
* 30416
+3 1
cfi=(12) ./elf/./elf/dl-sort-maps.c
cfn=(22) _dl_sort_maps_init
calls=1 +52 
* 32
fi=(13)
36 2
cfi=(14) ./elf/../sysdeps/unix/sysv/linux/brk.c
cfn=(28) brk
calls=1 -1 
* 8
fi=(6)
215 1
cfi=(15)
cfn=(32)
calls=1 37 
* 7211
fe=(9)
+23 3
+1 1
cfi=(22)
cfn=(60)
calls=1 41 
* 17
* 1
+2 2
cfi=(23) ./elf/../misc/sbrk.c
cfn=(62) sbrk
calls=1 37 
* 15
* 3
+12 3
+3 5
cfi=(2)
cfn=(64)
calls=1 1320 
* 111915
+2 9

fl=(135)
fn=(436)
74 30
+2 3
-2 3
+4 3
-4 3
+2 3
+2 9
+37 3
-37 9
+1 6
+2 12
+3 25
-52 3
+54 6
-54 3
+54 3
-54 9
+1 9
+2 6
+1 6
+12 12
+3 3
+2 3
-2 3
+2 9
cfi=(32)
cfn=(90)
calls=3 +55 
* 207
* 6
+4 6
+1 3
-1 3
+1 18
+1 9
cfi=(32)
cfn=(90)
calls=3 +49 
* 75
* 6
+57 27
-23 6

fl=(67)
fn=(220)
28 20
+1 40
cfi=(59)
cfn=(192)
calls=10 153 
* 98

fl=(13)
fn=(100)
46 5
+2 3
+85 5
-45 2
cfi=(36) ./posix/../sysdeps/unix/syscall-template.S
cfn=(102) uname
calls=1 +32 
* 6
+15 1
-15 2
+20 1
-1 1
+3 12
+4 3
-2 6
+2 10
+3 1
-1 1
+1 3
-3 4
+7 3
-1 3
+4 3
-2 3
+2 10
+5 2

fl=(24)
fn=(264)
68 2
fi=(229) ./elf/../include/list.h
-24 1
fe=(24)
+24 1
fi=(229)
-25 1
fe=(24)
+26 1
+3 1
fi=(229)
-29 1
+1 1
+1 1
+2 1
fe=(24)
+28 4
+1 2
+1 1
+5 2
+5 1
+6 1
-3 1
+3 1
-6 3
+6 1
+13 3
fi=(75) ./elf/../sysdeps/unix/sysv/linux/rseq-internal.h
-72 1
fe=(24)
+72 1
cfi=(10)
cfn=(24)
calls=1 402 
* 20
fi=(75)
-74 3
+2 6
+3 2
+3 1
fe=(24)
+83 3
+7 2
+2 1
+1 1
+1 3

fn=(66)
53 3
+3 8
+5 1
-5 1
+5 1
+1 1
-6 1
+8 1

fn=(84)
42 8
+2 16

fl=(38)
fn=(108)
175 5
+1 1
-1 6
+1 1
-1 1
+1 1
-1 1
+1 1
-1 1
+1 2
cfi=(10)
cfn=(24)
calls=1 402 
* 21
* 1
+2 2
+1 3
+26 2
-26 1
+25 1
cfi=(39) ./elf/../sysdeps/x86_64/dl-hwcaps-subdirs.c
cfn=(110) _dl_hwcaps_subdirs_active
calls=1 29 
* 47
fi=(40) ./elf/./dl-hwcaps.h
54 1
fe=(38)
205 1
-1 1
fi=(40)
56 1
+32 1
+1 1
+1 1
fe=(38)
-35 2
cfi=(41)
cfn=(116)
calls=1 -4 
* 13
* 2
fi=(40)
-1 1
+2 2
-2 1
+34 2
+1 2
+1 1
fe=(38)
-32 2
-1 2
+1 2
+1 2
-1 2
-3 4
cfi=(41)
cfn=(116)
calls=2 -4 
* 114
* 2
cfi=(41)
cfn=(116)
calls=1 -4 
* 122
* 6
+48 5
fi=(28)
-47 1
cfi=(27)
cfn=(76)
calls=1 -21 
* 25
fe=(38)
+47 1
+2 2
+3 2
fi=(40)
-52 1
fe=(38)
+55 1
-3 1
fi=(40)
-54 2
+3 1
fe=(38)
+58 2
cfi=(41)
cfn=(122)
calls=1 -90 
* 12
* 2
fi=(40)
-61 1
+2 2
-2 1
+34 2
+1 2
+1 1
fe=(38)
+40 4
+1 2
-1 6
+2 2
+1 2
-2 6
-3 4
cfi=(41)
cfn=(116)
calls=2 -77 
* 114
* 2
cfi=(41)
cfn=(116)
calls=1 -77 
* 122
* 6
+8 2
+9 1
-15 1
+15 2
-15 1
+15 8
+9 2
+4 7
cfi=(43) ./string/../sysdeps/x86_64/memcmp.S
cfn=(124) bcmp
calls=1 22 
* 41
+1 2
+1 1
+4 1
+1 2
+1 1
-20 2
+19 1
+1 1
-20 2
-1 4
+70 1
+1 1
+4 1
-5 2
+1 4
+4 2
-4 1
+4 4
+1 1
-1 1
+1 2
+1 2
-2 5
+1 1
-1 1
+1 2
+1 2
-2 5
+5 1
+3 2
-3 2
+3 15
+7 1
-7 2
+2 3
+1 4
+2 1
fi=(230) ./elf/../sysdeps/x86/dl-hwcap.h
57 1
fe=(38)
233 2
fi=(230)
57 1
fe=(38)
233 2
fi=(230)
57 1
fe=(38)
233 1
+1 1
cfi=(22)
cfn=(60)
calls=1 41 
* 17
+1 1
+1 1
-6 1
+4 1
+1 1
-5 1
+5 1
+1 1
-1 2
-5 4
+10 3
-2 3
+2 1
+1 1
+1 1
-1 1
+4 4
+1 1
-1 1
+4 2
+4 1
-1 1
+1 4
-1 2
+4 3
+1 3
+19 10
+6 2
fi=(28)
56 1
cfi=(27)
cfn=(76)
calls=1 -21 
* 25
* 1
fe=(38)
283 2
+8 1
fi=(40)
54 1
+2 1
+34 1
-2 2
fe=(38)
-5 1
291 1
fi=(40)
54 1
+35 1
fe=(38)
291 1
fi=(40)
90 1
fe=(38)
-10 2
cfi=(41)
cfn=(116)
calls=1 -29 
* 13
* 2
fi=(40)
-26 2
+2 1
fe=(38)
+27 1
fi=(40)
-29 1
+34 2
+1 2
+1 1
fe=(38)
-8 2
+1 4
+7 2
-7 10
cfi=(29)
cfn=(128)
calls=2 199 
* 26
+4 2
+2 2
+2 2
-2 4
-9 4
cfi=(41)
cfn=(116)
calls=2 -29 
* 114
* 2
cfi=(41)
cfn=(116)
calls=1 -29 
* 122
* 6
304 1
+2 1
-2 1
-48 2
+72 1
-72 1
376 2
+13 2
-58 1
+45 1
+13 1
-58 1
-75 1
+82 1
+10 2
-92 1
+88 1
+4 3
-4 1
+3 7
-3 2
-3 1
+3 1
cfi=(29)
cfn=(128)
calls=1 199 
* 18
* 2
-3 1
+3 1
cfi=(29)
cfn=(128)
calls=1 199 
* 18
* 2
+3 2
-3 4
+3 5
+1 12
+1 2
-2 1
+2 1
cfi=(29)
cfn=(128)
calls=1 199 
* 15
* 2
-2 2
+5 8
cfi=(29)
cfn=(128)
calls=2 199 
* 30
* 4
+2 5
+5 6
+1 1
-1 3
+1 7
-1 25
+5 11
+4 1
-1 1
+1 2
-4 12
+4 2
-1 2
+1 13
-1 9
+1 18
+1 24
-1 12
-1 12
+2 24
-1 24
-1 24
+4 9
+3 1
+2 2
-1 1
-1 1
+2 1
-2 1
+2 2
-1 1
+1 2
+2 6
+1 2
+3 2
-6 2
+6 3
+7 8
+1 1
-1 2
+3 2
-3 3
+1 3
-1 6
+3 6
+3 4
-80 2
+86 9
-20 1
+1 2
-6 3
259 2
+1 2
+1 4
-1 3
+12 4
-44 2
+34 4
-2 3

fl=(43)
fn=(124)
22 1
+5 1
+1 1
+1 1
+1 1
+1 1
+1 1
+1 1
+1 1
+3 1
+1 1
+1 1
+1 1
+1 1
+1 1
+1 1
+1 1
+1 1
+2 1
+1 1
+17 1
+1 1
+17 1
+1 1
+1 1
+1 1
+1 1
+4 1
+47 1
+1 1
+1 1
+1 1
+1 1
+1 1
+1 1
+1 1
+1 1
+1 1
+1 1
+1 1
+1 1

fl=(53) ./setjmp/../sysdeps/x86_64/setjmp.S
fn=(168) __sigsetjmp
30 3
+2 3
+9 3
+1 6
+1 3
+4 3
+1 3
+1 3
+1 3
+1 3
+2 6
+2 3
+1 3
+1 3
+2 6
+2 3
+8 3
+3 3
+1 3
+7 3
+1 3

fl=(68)
fn=(230) _dl_cache_libcmp
370 8
+1 8
+32 8
-33 16
+1 20
+2 44
+2 44
-2 88
+20 84
+2 84
-12 36
+2 36
+14 36
+1 36
-29 72
+32 6
-28 4
+8 2
-2 4
+1 4
-1 2
+2 6
+2 2
-3 2
+3 6
+2 4
+9 18

fn=(222)
416 10
+2 2
+3 3
+74 1
208 1
495 2
+3 3
fi=(70) ./elf/../sysdeps/x86/dl-procinfo.h
39 2
+3 3
cfi=(32)
cfn=(90)
calls=1 +66 
* 25
* 4
fe=(68)
212 6
cfi=(10)
cfn=(24)
calls=1 402 
* 21
* 1
+16 2
-16 1
+6 2
+10 1
-7 5
+9 3
+1 1
-37 2
+37 1
+4 2
-5 15
+1 5
-37 10
+37 5
+4 10
+4 18
cfn=(230)
calls=6 370 
* 460
+1 12
359 5
+3 6
228 6
360 2
228 7
+2 5
+20 4
+3 4
+2 8
cfn=(230)
calls=2 370 
* 220
* 4
+2 1
-9 4
-30 2
+1 1
+95 1
-95 1
-1 8
+96 3
-47 2
+10 2
+1 3
fi=(69) ./elf/../sysdeps/generic/dl-cache.h
125 5
fe=(68)
294 2
+9 2
+3 2
+2 3
+1 2
+5 2
+1 4
+7 2
+21 4
513 2
+12 2
cfi=(22)
cfn=(60)
calls=1 41 
* 35
* 12
+1 1
-1 1
+1 1
-1 1
+1 1
cfi=(29)
cfn=(80)
calls=1 212 
* 11
* 1
+1 1
cfi=(45)
cfn=(140)
calls=1 40 
* 89
+1 8
-3 2
424 4
cfi=(54)
cfn=(224) _dl_sysdep_read_whole_file
calls=1 36 
* 91
* 1
+8 5
+1 8
+3 4
+1 1
-1 3
fi=(69)
194 1
+1 5
fe=(68)
444 1
+1 2

fn=(470)
537 1
+1 4
-1 1
+3 2
cfi=(128)
cfn=(472)
calls=1 117 
* 6
+1 1
+4 1
+2 2

fl=(143) ./elf/./elf/dl-runtime.c
fn=(460) _dl_fixup
46 24
+2 15
+1 3
+6 3
fi=(231) ./elf/../sysdeps/x86_64/dl-runtime.h
-27 3
fe=(143)
+21 3
+5 3
+1 3
-6 3
+6 6
+1 3
+2 3
-2 3
+2 3
-2 15
+7 6
+4 6
+4 9
+4 9
+1 12
-7 12
+16 3
-1 3
+1 6
+10 30
cfi=(78)
cfn=(278)
calls=3 840 
* 1849
* 3
+4 15
+10 30
+15 12
+9 9
+26 9
fi=(6)
+70 3
fe=(143)
-66 18

fl=(19) ./elf/../sysdeps/x86/dl-cacheinfo.h
fn=(46) handle_intel.constprop.0
255 24
-5 24
+16 12
-16 72
+13 12
+1 36
-3 24
+11 60
+5 24
+2 12
+1 12
-1 12
+5 48
cfn=(48) intel_check_word.constprop.0
calls=12 123 
* 3876
+2 24
+3 60
cfn=(48)
calls=12 123 
* 1156
+2 24
+3 5
cfn=(48)
calls=1 123 
* 20
+2 2
+3 5
cfn=(48)
calls=1 123 
* 255
+2 2
-35 3
+39 3
+5 96

fn=(48)
123 78
-4 78
+10 104
-10 26
+10 52
+2 52
+71 200
-71 102
+2 63
+2 126
+8 126
+51 102
+22 51
fi=(20) ./elf/../bits/stdlib-bsearch.h
28 51
-1 102
+4 102
+1 51
fe=(19)
+78 102
fi=(20)
-79 76
+1 38
fe=(19)
+78 76
+3 345
fi=(20)
-84 820
+2 512
+1 256
fe=(19)
+78 512
+15 15
246 104
fi=(20)
37 63
-8 151
fe=(19)
155 36
+3 36
-6 54
+3 14
+9 14
+23 19
-32 57
+3 57
+4 50
+2 100
+2 50
+2 36
+4 11
+2 22
+6 14
+3 8
+1 12
-8 4
+2 4
-1 4
-1 4
+2 8
-2 4
+3 12
-2 12
+2 8
-10 24
+1 10
+11 12
-26 4
+9 4
+23 2
-32 6
+3 6
+4 8
+2 16
+2 8
-11 3
+7 6
+2 12

fn=(52) get_common_cache_info.constprop.0
481 1
+17 1
-17 4
+16 1
-16 1
+15 1
-15 3
+18 1
-1 1
+9 2
+3 3
+11 1
-11 1
-5 1
+21 3
+4 2
681 4
+1 5
+4 2
+9 2
-2 1
+2 2
-1 1
+1 3
535 6
+3 8
+7 2
-7 9
+7 6
+3 26
+14 2
+4 1
+3 1
+1 1
-4 2
+3 3
+6 2
-37 6
+15 2
+4 1
+1 1
-1 2
+18 2
-68 6
+74 4
+8 7
+2 2
+4 3
+2 1
+2 5
-4 1
+16 1
-16 3
+21 2
-21 4
+3 1
+1 4
-4 1
+6 4
+3 2
+5 1
+2 2
+1 1
+1 1
-2 2
+1 1
-19 5
+46 2
+1 1
+1 2
+2 2
-1 3
-23 2
+7 1
+2 2
-16 1
+22 1
-6 2
+1 1
+5 1

fl=(130)
fn=(418)
561 4
+3 1
+2 2
+13 1
cfn=(422) _dlfo_process_initial
calls=1 474 
* 79
+1 1
-1 1
+1 1
fi=(28)
56 1
cfi=(27)
cfn=(76)
calls=1 -21 
* 25
fe=(130)
580 1
fi=(28)
56 1
fe=(130)
582 2
+3 2
+5 1
+1 1
cfn=(422)
calls=1 474 
* 280
+3 3
+10 4
-37 2
cfi=(131) ./elf/./dl-find_object.h
cfn=(420) _dl_find_object_from_map
calls=1 95 
* 68
* 1
+29 2
cfn=(424) _dlfo_sort_mappings
calls=1 -60 
* 80
+3 6
+2 1

fn=(422)
474 2
+3 2
-3 2
+1 2
+3 4
+26 14
+1 6
+1 8
-1 16
+3 28
+3 24
-7 10
+25 2
+2 8
-18 18
+3 6
-1 6
cfi=(131)
cfn=(420)
calls=3 95 
* 189
+2 12

fn=(424)
536 1
+1 2
+3 4
+4 1
+1 1
-1 1
+1 2
-1 1
+1 1
-1 1
+1 6
+1 19
-1 9
+8 6
+1 4
-1 2
-13 4
+14 6
+1 4
-15 4
+17 1

fl=(54)
fn=(174)
68 84
+1 28
cfi=(32)
cfn=(90)
calls=14 +39 
* 635
* 28
+3 14
+2 28
+6 15
-6 30
+1 54
cfi=(32)
cfn=(90)
calls=18 +33 
* 871
* 36
+8 3
-13 3
+13 20
-1 11
+1 33

fn=(224)
36 2
+3 1
-3 6
+3 1
-3 1
+3 1
cfi=(55)
cfn=(178)
calls=1 -11 
* 19
+1 2
+23 7
-21 4
cfi=(58)
cfn=(190)
calls=1 -13 
* 15
* 2
+2 2
+3 2
+13 2
cfi=(64)
cfn=(204)
calls=1 -35 
* 6
* 1
-11 6
cfi=(60)
cfn=(194)
calls=1 -2 
* 9
* 2

fl=(16)
fn=(40) update_active.constprop.0
43 7
+45 1
-41 1
+28 1
-18 1
+31 1
+4 1
-36 1
-1 1
+37 1
-26 1
-11 1
+1 1
+36 2
+1 1
-17 1
-21 1
+25 1
-4 1
-11 1
+28 1
-1 1
-36 1
+18 1
+19 1
-13 1
-4 1
-11 1
+19 1
+11 1
-3 1
-12 1
+14 1
-29 1
+18 1
+9 1
-18 1
+13 1
-13 1
-9 1
+29 2
+3 1
-14 1
-9 1
+9 1
+4 1
+10 1
-17 1
+7 1
+5 1
+5 1
+1 1
-1 1
+1 2
+2 2
+1 4
+3 1
+1 1
-1 1
+1 1
-1 1
+1 1
-1 1
+1 1
+4 2
+4 2
+2 4
+83 3
+12 2
+1 1
+3 3
+4 1
-4 1
+4 1
+67 3
+4 3
fi=(18) ./elf/../sysdeps/x86/get-isa-level.h
31 1
-3 1
+3 1
-1 2
fe=(16)
296 1
+1 8
-75 3
+1 2
+3 1
-1 1
+9 1
-5 1
+2 1
-2 1
+5 1
fi=(18)
32 3
+4 3
fe=(16)
+83 2
+2 1
+3 2
+10 1
+10 1
-10 1
+10 1
-10 1
+6 1
+4 1
-4 1
-6 1
+6 1
+2 1
-2 1
+2 3
+7 4
fi=(18)
39 3
+1 4
+5 1
-7 1
+7 3
+2 1
+1 2
+1 3
+2 4
+1 2
+1 2
+6 1
-4 1
+4 1
-3 2
fe=(16)
+75 1
-5 2
+4 1

fn=(34)
399 1
+16 1
-16 6
+3 1
+1 1
+1 1
+11 2
+3 6
593 1
+94 5
+1 1
+3 2
+1 1
+6 1
+3 1
fi=(19)
+5 1
+2 1
fe=(16)
-9 1
fi=(19)
+23 2
840 1
+34 1
-34 17
+33 2
+25 2
+21 2
-21 2
+13 3
+8 1
-8 1
+8 1
cfi=(10)
cfn=(24)
calls=1 402 
* 21
* 1
+2 2
+3 4
cfi=(10)
cfn=(24)
calls=1 402 
* 21
* 1
+5 2
-3 2
+3 2
cfi=(10)
cfn=(24)
calls=1 402 
* 21
* 1
+2 2
+3 4
cfi=(10)
cfn=(24)
calls=1 402 
* 21
* 1
+1 2
+22 1
-16 4
+3 3
-3 1
cfi=(10)
cfn=(24)
calls=1 402 
* 21
+3 3
-3 2
+3 10
cfi=(10)
cfn=(54) __GI___tunable_set_val
calls=1 157 
* 58
+1 8
cfi=(10)
cfn=(54)
calls=1 157 
* 58
+1 9
cfi=(10)
cfn=(54)
calls=1 157 
* 58
+2 8
cfi=(10)
cfn=(54)
calls=1 157 
* 58
+2 9
cfi=(10)
cfn=(54)
calls=1 157 
* 58
+4 2
fe=(16)
706 1
fi=(19)
954 2
fe=(16)
706 2
fi=(19)
954 4
fe=(16)
706 1
cfi=(10)
cfn=(24)
calls=1 402 
* 19
+4 3
+14 1
-1 2
+1 3
+47 1
-1 1
+1 1
+46 4
cfi=(10)
cfn=(24)
calls=1 402 
* 19
+2 4
cfi=(10)
cfn=(24)
calls=1 402 
* 19
fi=(21) ./elf/../sysdeps/unix/sysv/linux/x86/cpu-features.c
27 6
fe=(16)
829 2
+45 8
fi=(19)
+7 11
fe=(16)
775 3
+27 2
-10 2
+1 2
+2 3
+1 2
+2 3
+1 2
fi=(19)
-75 3
cfn=(46)
calls=1 255 
* 437
+1 1
-1 2
+1 1
cfn=(46)
calls=1 255 
* 478
+1 1
-1 1
+1 1
cfn=(46)
calls=1 255 
* 503
+3 1
-3 2
+3 1
cfn=(46)
calls=1 255 
* 459
+2 1
-2 1
+2 1
cfn=(46)
calls=1 255 
* 451
+3 1
-2 1
-1 1
+3 1
cfn=(46)
calls=1 255 
* 428
+2 1
-2 1
+2 1
cfn=(46)
calls=1 255 
* 429
+3 1
-2 1
-1 1
+3 1
cfn=(46)
calls=1 255 
* 469
+2 1
-2 1
+2 1
cfn=(46)
calls=1 255 
* 470
+3 1
-3 1
+3 1
cfn=(46)
calls=1 255 
* 494
+2 1
-2 1
+2 1
cfn=(46)
calls=1 255 
* 495
+2 1
-2 1
+2 1
cfn=(46)
calls=1 255 
* 790
+2 3
-2 1
+2 1
cfn=(52)
calls=1 481 
* 215
863 11
fe=(16)
424 6
cfn=(36) get_common_indices.constprop.0
calls=1 -99 
* 71
303 3
+1 2
+1 6
+5 2
+1 6
+5 2
+1 6
429 1
cfn=(40)
calls=1 43 
* 194
+2 1
+2 1
+83 1
-85 2
564 2
+7 2
+2 1
+4 2
+6 2
422 2
-3 1
+14 3
+1 4
+69 1
+10 11
+42 1
+1 1
434 11
+55 3

fn=(36)
325 1
+4 4
+3 3
+5 2
-5 1
+5 1
-5 1
+4 1
+1 1
+1 4
+1 4
+1 3
+1 2
+7 2
+2 5
+5 1
-5 1
+5 1
-5 1
+5 1
-5 2
+5 1
+7 1
-7 4
+7 1
+1 3
+6 1
-6 4
+6 1
fi=(17) ./elf/../sysdeps/unix/sysv/linux/x86/dl-minsigstacksize.h
24 2
+3 2
+1 2
+37 3
+7 1
+2 1
fe=(16)
384 2

fl=(136)
fn=(440)
27 1
+2 2
-2 1
+6 3
-6 1
+6 3
-6 1
+6 1
cfi=(135)
cfn=(436)
calls=1 +41 
* 177
+4 2
+2 4
+2 1
-1 1
+1 2
-1 1
cob=(3)
cfi=(137)
cfn=(442)
calls=1 -7 
* 1108

fl=(14)
fn=(28)
35 1
+1 3
+1 2
+6 1
+1 1

fl=(39)
fn=(110)
29 1
fi=(18)
+2 1
fe=(39)
+7 1
fi=(18)
-7 2
-1 2
fe=(39)
+22 1
fi=(18)
-20 3
+4 1
fe=(39)
+2 1
fi=(18)
-2 2
+3 4
+1 4
+5 1
fe=(39)
-7 1
fi=(18)
+7 3
fe=(39)
-2 1
fi=(18)
+5 2
+1 3
+2 4
+1 2
+1 2
+6 1
fe=(39)
-11 1
fi=(18)
+11 1
-3 2
fe=(39)

fl=(59)
fn=(192)
153 26
-55 26
+70 30
+1 4
-2 18
+1 18

fl=(7)
fn=(430) lookup_malloc_symbol
61 8
+3 4
-3 16
+3 4
-3 4
+3 8
-1 4
+1 12
cfi=(78)
cfn=(278)
calls=4 840 
* 2104
+4 28
+1 28
+2 4
fi=(133) ./elf/./dl-sym-post.h
-30 8
+12 12
fe=(7)
+19 20

fn=(12)
42 1
+1 2
+1 2
+1 2
+1 2
+1 1

fn=(136)
239 2
+3 4
+2 2
+1 4
+4 33
+7 84
-2 56
+13 1
+4 4
-22 14
+15 14
-15 30

fn=(426)
76 2
+10 1
fi=(132) ./elf/../sysdeps/generic/dl-hash.h
-41 1
fe=(7)
+31 1
fi=(132)
-32 1
fe=(7)
+32 5
+11 1
-1 1
fi=(132)
-43 1
+5 3
+14 4
-17 3
+3 15
+14 20
-17 15
fe=(7)
+46 2
fi=(132)
-24 1
fe=(7)
+22 1
+2 2
fi=(132)
-19 1
fe=(7)
+19 1
cfn=(430)
calls=1 -30 
* 575
+1 3
-1 1
+1 1
cfn=(430)
calls=1 -31 
* 575
+1 3
-1 1
+1 1
cfn=(430)
calls=1 -32 
* 561
+1 3
-1 1
+1 1
cfn=(430)
calls=1 -33 
* 553
+5 1
+1 1
+1 1
+1 1
+1 7

fl=(142)
fn=(458)
67 3
+5 3
+3 3
+2 3
+10 3
+6 3
+1 3
+1 3
+1 3
+1 3
+1 3
+1 3
+4 3
+1 3
+3 3
+1 3
+2 3
+1 3
+1 3
+1 3
+1 3
+1 3
+2 3
+7 3
+1 3
+1 3
cfi=(143)
cfn=(460)
calls=3 -80 
* 2137
+1 3
+5 3
+1 3
+1 3
+2 3
+1 3
+1 3
+1 3
+1 3
+1 3
+1 3
+2 3
+2 3
+4 3
+2 3

fl=(50)
fn=(158)
25 1
+2 1
+7 1
+1 1
+2 1
+1 1
+1 1
+1 1
+1 33
+3 3
+7 1
+1 1
+1 1
+1 1
+2 1
+1 1
+1 1
+1 1
+2 1
+1 1
+1 1
+9 3
+12 1
+2 1
+1 1
+1 1
-4 12
+2 12
+1 12
+1 12
+2 13
+1 13
+1 13
+2 13
+1 13
+1 13
+2 13
+1 13
+1 13
+2 1
+1 1
+1 1
+2 1
+7 1
+4 1

fl=(22)
fn=(60)
41 16
+44 16
+1 16
+1 16
+1 16
+1 16
+1 16
+1 16
+2 16
+2 16
+31 16
+1 16
+1 16
+1 16
+1 16
+1 10
+2 10
+4 6
+1 6
+1 6
+1 6
+1 6
+1 6
+1 6
+1 6
+1 6
+1 6
+1 6
+1 6
+5 48

fl=(76)
fn=(268)
252 8
42 1
+9 1
-10 1
+4 1
-4 1
+3 1
+4 2
+1 2
-1 2
+14 2
254 8

fl=(131)
fn=(420)
95 8
+1 8
+1 4
+6 20
+1 119
+1 82
+2 12
+5 4

fl=(23)
fn=(62)
37 5
+3 1
+18 2
+4 2
+16 5

fl=(46)
fn=(152)
116 2
+1 2

fn=(146)
56 1
+3 2
+4 1
-6 1
+4 1
+2 2
+22 2
+5 2
+1 1
+1 1
-1 1
-1 1
+5 2
+4 2
+8 2
-43 2
+32 6

fn=(186)
38 3
+3 3
-1 6
+4 6
+4 3

fl=(66)
fn=(210)
159 5
+1 3
-1 1
+1 1
-1 2
+1 1
-1 3
+1 1
-1 4
+1 12
-8 1
-7 1
+15 1
-14 1
+6 1
+8 1
-15 1
+7 1
-8 1
+1 1
+7 1
-7 1
+31 3
-28 3
-2 1
+31 1
-33 2
+2 2
+30 2
-30 1
-1 4
+7 4
+24 2
-32 1
+60 1
-60 2
+36 1
fi=(73) ./elf/../include/scratch_buffer.h
77 3
fe=(66)
198 1
fi=(73)
78 1
fe=(66)
200 2
+98 1
198 1
+4 1
+7 1
+4 4
-4 3
+4 12
+11 12
-18 2
+18 4
433 12
+2 2
+3 2
-3 4
+3 2
fi=(28)
56 2
cfi=(27)
cfn=(76)
calls=2 -21 
* 50
* 2
fe=(66)
439 4
+6 2
+1 10
cfi=(29)
cfn=(80)
calls=2 212 
* 22
+1 10
cfi=(29)
cfn=(80)
calls=2 212 
* 22
+4 2
-1 2
+5 16
204 9
458 9
-1 4
+1 8
199 3
+27 10
+5 2
+6 2
-5 2
-1 2
+2 4
+4 8
-31 2
+31 2
+1 6
+6 8
cfi=(31)
cfn=(212)
calls=2 -6 
* 108
* 6
+4 4
-2 2
+2 4
cob=(2)
cfi=(51)
cfn=(164)
calls=2 0 
* 6801
+1 4
+9 2
+2 4
+5 10
+6 2
+2 2
-8 4
+3 2
+1 2
+1 2
+1 2
+4 10
+4 6
+1 3
-43 200
+1 96
+44 144
-38 4
fi=(73)
85 3
fe=(66)
464 6
+1 1
+3 4
+11 3
fi=(28)
56 1
cfi=(27)
cfn=(76)
calls=1 -21 
* 25
* 1
fe=(66)
481 2
+5 3
+1 1
-1 2
+4 2
-2 1
+2 1
-2 2
+11 3
+5 3
-14 9
-2 3
+4 3
+7 3
-2 6
-5 1
+7 1
-2 2
+2 2
+5 1
-14 6
+17 2
+52 3
+37 3
+15 1
-11 1
+11 1
-14 2
+20 1
-1 3
+1 3
-1 5
cfi=(12)
cfn=(244) _dl_sort_maps
calls=1 288 
* 260
+5 1
+3 1
-1 1
+2 2
+7 3
+3 3
+3 8
214 25
+3 2
fi=(73)
-86 6
cfi=(72) ./malloc/./malloc/scratch_buffer_set_array_size.c
cfn=(238) __libc_scratch_buffer_set_array_size
calls=2 30 
* 40
fe=(66)
+86 4
+4 6
611 2
cfi=(29)
cfn=(80)
calls=1 212 
* 11
* 1
-53 2
160 2
380 6

fn=(214) openaux
61 6
+7 2
-4 4
+1 2
-1 16
cfi=(31)
cfn=(172)
calls=2 2022 
* 6643
* 2
+5 4

fl=(27)
fn=(72)
78 8
+4 8
-4 32
+7 8
+1 24
fi=(28)
-30 8
cfi=(27)
cfn=(76)
calls=8 -21 
* 235
fe=(27)

fn=(76)
35 120
+1 24
+11 24
-11 48
+11 48
+3 24
-3 24
+3 136
+18 24
+1 24
+2 96
-16 8
+1 4
+2 2
+1 14
cfi=(60)
cfn=(194)
calls=2 -12 
* 18
* 2
+2 4
+2 4
+2 2
+4 2
-4 4
-23 1
-1 1
+1 1
+1 2
-2 2

fn=(144)
95 3
+2 12

fl=(78)
fn=(278)
840 1040
+10 104
-10 208
+10 104
-10 104
+10 104
204 104
840 104
204 520
581 416
-1 208
+2 104
-1 104
+1 312
-1 312
+1 1308
-1 1308
+1 3924
-1 3924
+2 104
846 104
-4 104
+1 104
+7 104
-8 104
+1 104
+7 389
+3 104
+2 208
-2 104
+6 208
-7 624
+7 35
+1 1456
cfn=(280) do_lookup_x
calls=104 363 
* 36800
* 312
+28 104
-23 104
+23 104
-23 208
+24 566
+7 97
-7 97
+40 388
+79 194
-65 291
+3 291
-62 104
+69 936
-86 42
+18 21
+59 2

fn=(282) check_match
70 99
+3 99
-3 1188
+3 392
+13 97
-13 97
+13 97
-13 97
+13 291
+3 330
cfi=(32)
cfn=(90)
calls=34 +19 
* 1741
* 68
+4 97
+1 194
+2 190
+19 190
+1 760
-38 97
+84 582
-18 4
+2 4
+1 2
-1 4
+1 6
-1 4
+16 12
-45 285
cfi=(32)
cfn=(90)
calls=95 -9 
* 2441
* 190
-44 8
+82 4

fn=(280)
363 832
+1 104
-1 520
+48 104
-30 208
-11 104
+41 104
-30 312
+30 104
fi=(79) ./elf/../sysdeps/generic/dl-protected.h
44 312
fe=(78)
381 104
fi=(79)
44 416
fe=(78)
395 978
+4 326
+4 326
-3 326
+3 1304
+1 978
+3 326
+1 652
+7 326
-3 652
-2 326
+5 1304
+3 2282
570 690
374 654
+3 654
+4 660
+4 652
+4 652
+88 194
fi=(4)
137 194
+1 291
fe=(78)
528 194
fi=(79)
29 194
fe=(78)
535 752
+16 194
+1 97
+1 194
422 412
-1 206
+2 206
+2 1236
+13 420
-10 1185
+3 99
-1 198
+1 99
-1 99
+2 198
-1 1188
cfn=(282)
calls=99 70 
* 9670
+4 297
+3 4
573 7
+1 832
-35 18
-70 12
171 42
452 776

fl=(25)
fn=(68)
28 3
+1 3
+3 67
+13 57
-13 114
+2 118
+1 36
+5 2
-3 2
+3 2
+2 2
+7 1

fl=(45)
fn=(140)
40 15
+1 3
cfi=(22)
cfn=(60)
calls=3 * 
* 87
* 3
fi=(232) ./string/../include/rtld-malloc.h
+15 6
cfi=(27)
cfn=(76)
calls=3 -21 
* 75
fe=(45)
-12 6
+4 3
-1 9
+1 6
-1 3
cfi=(29)
cfn=(80)
calls=3 212 
* 41

fl=(26)
fn=(82)
31 6
+2 3
-2 6
+2 3
-2 6
+2 3
cfi=(24)
cfn=(84)
calls=3 +9 
* 9
+2 23
+3 20
+2 2
+2 2
+4 2
+4 2
-4 4
+1 2
+4 2
-4 2
+1 2
+3 2
-3 2
+3 2
-1 2
cfi=(24)
cfn=(84)
calls=2 -8 
* 6
-4 1
+4 1
-4 2
+1 1
+4 1
-4 1
+1 1
+3 1
-3 1
+3 1
-1 1
cfi=(24)
cfn=(84)
calls=1 -8 
* 3
-5 2

fn=(70)
59 42
+3 6
+18 2
+3 2
-3 2
+3 2
cfi=(22)
cfn=(60)
calls=2 -42 
* 52
+4 4
-4 4
+9 4
fi=(28)
-48 6
cfi=(27)
cfn=(72)
calls=2 +34 
* 100
fe=(26)
+48 1
fi=(28)
-48 3
cfi=(27)
cfn=(72)
calls=1 +34 
* 43
* 3
fe=(26)
+51 6
+5 3
-2 3
+6 3
-4 3
+4 3
-5 3
+4 3
+1 3
-1 3
+1 6
cfi=(29)
cfn=(80)
calls=3 212 
* 44
* 6
+2 3
+13 6
+6 1
+2 7
+3 2
-3 14
+3 4
+9 3
-7 3
+4 3
+3 15
+2 1
-2 3
+2 15
-2 45
+16 6
-5 3
+5 3
-6 3
+6 3
-6 3
+6 6
+2 4
+3 4
-3 4
+7 8
+4 4
+8 2
+3 2
+10 3
-10 4
+10 6
+2 2
+21 2
-21 2
cfi=(22)
cfn=(60)
calls=2 41 
* 70
* 6
+17 2
-13 6
+50 6
cfi=(29)
cfn=(128)
calls=2 -46 
* 34
* 2
+5 4
+1 4
-1 80
+1 80
+2 4
+3 2
+3 2
+4 27
131 8
-12 4
+34 1
+7 4
+8 8
fi=(28)
56 4
cfi=(27)
cfn=(76)
calls=2 -21 
* 50
* 2
fe=(26)
200 8
64 2
+2 3
+1 2
+10 5
-6 2

fl=(1) ???
fn=(0) 0x00000000000202b0
0 2
cfi=(2)
cfn=(2)
calls=1 527 
0 152214
0 14
cfi=(145)
cfn=(476)
calls=1 77 
0 355
0 3
cob=(5)
cfi=(151)
cfn=(510)
calls=1 0 
0 5307634914

fl=(60)
fn=(194)
47 24
+3 24
+8 48
+2 12

fl=(72)
fn=(238)
30 20
+4 2
+1 4
+11 2
-1 4
+18 8

fl=(44)
fn=(132)
125 7
+1 35
+6 7
+1 7
+1 7
+1 7
+2 1
+1 1
+1 1
+65 4
+1 4
+2 4
+76 6
+1 6
+5 6
+3 6
+1 6
+3 2
+1 2
+13 2
+1 2
+2 2
+3 1
+3 2
+3 1
+1 1
+1 1
+1 1
+1 1
+1 1
+1 1
-6 27
+1 27
+1 27
+1 27
+1 27
+1 27
+1 27
+3 2
+1 2
+1 2
+1 2
+5 2

fl=(65)
fn=(208)
25 1
+2 7
+4 1

fl=(64)
fn=(204)
25 3
+1 12
+1 3

fl=(42)
fn=(118)
23 15
+1 15
+1 15
+1 15
+1 15
+1 15
+1 15
+1 15
+1 15
+1 15
+1 15
+1 15
+1 15
+1 15
+1 15
+1 15
+1 15
+1 15
+1 13
+4 13
+1 13
+1 13
+1 13
+2 13
+4 2
+1 2
+1 2
+1 2
+1 2
+1 2
+1 2
+1 2
+1 2
+1 2
+1 2
+1 2
+1 2
+1 2
+1 2
+1 2
+1 2
+1 2
+1 2
+1 2
+1 2
+1 2
+1 2
+1 2
+52 2
+4 2
+1 2
+1 2
+1 2
+2 2

fl=(214)
fn=(786)
31 9
+20 3
-3 7
+3 4
+3 2
cob=(3)
cfi=(215)
cfn=(788)
calls=1 +23 
* 43
+2 1
+3 2
+2 6
+7 2
-2 1
+2 1
cfi=(49)
cfn=(468)
calls=1 -28 
* 21
+5 14
+5 1
-5 1
+5 3
+2 8
+2 8
+2 8
+1 4
+1 4
+4 4
-12 12
+14 6
+1 4
+6 5
cfi=(12)
cfn=(244)
calls=1 288 
* 300
+9 2
cob=(3)
cfi=(216)
cfn=(790)
calls=1 367 
* 34
+5 6
+2 1
+2 3
-2 3
+2 9
+3 8
+3 12
+4 2
+11 4
+1 1
+1 2
+1 5
+1 2
cob=(5)
cfi=(151)
cfn=(792)
calls=1 0 
* 92
-1 5
+5 3
+1 6
cob=(2)
cfi=(51)
cfn=(818)
calls=1 0 
* 110
cob=(2)
cfi=(51)
cfn=(814)
calls=1 0 
* 4
+6 8
cfi=(49)
cfn=(816)
calls=4 -57 
* 20
+5 4
-45 12
+49 3
cfi=(49)
cfn=(468)
calls=1 40 
* 21
* 2
-38 9
+3 2
+41 6
+6 2
+7 8
73 2

fl=(52)
fn=(248)
238 6
+1 1
+1 1
+3 1
+1 1
+2 1
cfi=(2)
cfn=(250)
calls=1 696 
* 3983
+2 1
+1 1
+1 4

fn=(162)
225 10
+2 2
cob=(2)
cfi=(51)
cfn=(164)
calls=1 0 
* 2759
+1 2
+1 1
+1 1
-1 1
+1 1
+2 5

fn=(166)
175 9
+5 3
-5 9
+5 3
-2 6
+22 3
-1 3
+7 6
-6 3
+3 6
+3 3
cfi=(53)
cfn=(168)
calls=3 30 
* 72
* 12
+2 9
cfi=(66)
cfn=(214)
calls=2 61 
* 6679
cfi=(2)
cfn=(170)
calls=1 663 
* 2698
+2 3
-1 3
+1 3
-1 3
+1 6
+9 12

fl=(12)
fn=(246) dfs_traversal.part.0
140 64
+8 8
-2 8
+2 16
+2 20
+3 20
-3 40
+9 16
+15 24
+1 8
+1 48
-17 12

fn=(22)
279 2
+1 4
cfi=(10)
cfn=(24)
calls=1 402 
* 20
+2 3
-1 1
+2 2

fn=(244)
288 20
+8 2
-8 2
+8 4
+4 16
-79 4
-37 2
+37 2
-36 8
+1 2
-1 2
+1 2
-1 4
+1 6
-1 6
+1 6
-1 12
+36 30
+8 6
-3 2
+2 2
+1 2
-8 2
+5 2
+3 8
+2 18
+2 8
-90 40
cfn=(246)
calls=8 -3 
* 284
+93 16
+18 4
+13 2
+33 2
-26 8
cfi=(29)
cfn=(80)
calls=2 -62 
* 22
* 2

fl=(74)
fn=(252)
361 6
+4 5
-2 2
+4 24
cfn=(254) _dl_check_map_versions
calls=4 155 
* 3900
-2 4
+2 12
-1 4
-1 8
+5 7

fn=(254)
155 32
+15 4
-15 8
+15 8
+2 20
+2 4
+1 4
-1 4
+1 4
+2 8
+3 4
-16 2
-8 2
+28 2
-4 2
+4 4
+16 2
36 4
200 2
36 10
+1 5
-1 10
+2 21
cfi=(54)
cfn=(174)
calls=7 +30 
* 958
* 14
208 6
+5 2
-71 4
+71 6
+8 2
-2 2
-2 4
+4 2
-4 12
+4 6
-2 6
-2 12
+4 6
-4 61
56 32
+8 24
+6 24
+16 8
+1 16
+2 8
+5 72
+14 150
+12 201
+4 67
-30 134
224 32
+3 24
+5 6
-11 6
110 8
+3 32
cfi=(32)
cfn=(90)
calls=8 -5 
* 222
* 34
236 8
+14 4
+3 8
+10 42
-7 168
+3 126
-3 8
+3 6
+8 6
+6 3
fi=(28)
44 3
fe=(74)
273 3
fi=(28)
44 3
cfi=(27)
cfn=(72)
calls=3 +34 
* 108
fe=(74)
272 3
fi=(28)
44 3
fe=(74)
274 6
+13 3
-3 3
+3 12
+2 9
+3 8
+4 6
+7 8
+1 8
-1 24
+1 8
+1 8
-2 8
+2 16
+1 24
+3 24
+5 6
-15 6
+2 6
-2 6
+2 6
-2 6
+2 12
-2 2
+2 2
-2 2
+2 2
-2 2
+2 4
+16 6
+39 36
-29 9
+3 8
+4 42
+6 42
+1 42
+1 42
-1 126
+1 42
-1 42
+1 42
+1 42
+3 126
+4 42
-14 88
+10 6
164 2
+86 2
-94 2
+94 3

fl=(36)
fn=(102)
120 5
+2 1

fl=(10)
fn=(24)
402 33
+3 231
+9 33
-9 126
+9 10
+17 165
+2 33
-9 23
+1 23

fn=(54)
157 15
-55 5
+55 5
-55 5
+55 5
-55 35
+9 5
+1 5
fi=(233) ./elf/./dl-tunable-types.h
-22 10
fe=(10)
+22 20
+1 40
fi=(11) ./elf/./elf/dl-tunables.h
+8 10
+1 5
fe=(10)
-6 15
fi=(11)
+15 5
fe=(10)
-12 10
+4 10
+7 10
+1 10
+3 30
+1 5
+1 5
+1 5
+24 5
fi=(11)
-30 15
fe=(10)

fn=(18)
279 9
-9 9
71 300
+6 59
-3 118
+3 5513
+4 118
+5 118
fi=(11)
+54 59
fe=(10)
-54 236
fi=(11)
+55 152
-1 119
+1 34
-1 59
+1 118
fe=(10)
320 236
-18 8260
+6 12980
fi=(11)
140 531
+1 1062
-1 20
+1 80
-1 100
fe=(10)
354 8
74 118

ob=(4)
fl=(146)
fn=(492)
0 5

fn=(820)
0 11
cob=(2)
cfi=(51)
cfn=(826)
calls=1 0 
0 74
0 10
cfn=(832) 0x0000000000001070
calls=1 0 
0 5
0 5

fn=(832)
0 5

fn=(484)
0 12

totals: 5307787502
